0000011010010000
0001010001000010
0100001010000001
0100001001000001
1010000011000000
0000110000100010
0001100000100010
0010001001100000
0000001100000110
1010000011000000
0101000001100000
0000101000100010
0010010010000100
0101000000110000
1010000000010001
0001001001010000
1010000000010001
0010001000000110
0100100001000100
0100001011000000
1000100010001000
0010010000100001
0010010000011000
0001000100100010
0010010010001000
1000000101000010
1000010000001001
1001000000100100
1000010000001100
0001100001001000
0011000000010001
0010000101000001
0100001001000001
0100010011000000
0000001101001000
0100001001100000
0100001000100100
0000001101100000
0000101000001001
0010010001010000
0010001010001000
0001001001000100
0100100000001010
0110000010000100
0011000000010001
0101000010100000
0101000000101000
0010001000100010
0101000001000001
0110000000110000
1010000001000010
0011000001000010
1001000000101000
0000001101000010
0010000100001010
1000100001000100
1000001000011000
0000110000011000
0001001010010000
0001000100011000
0000101011000000
0000101001000100
0000110001010000
0101000000010010
0010010000010010
1010000001100000
1010000001010000
0010010001000010
0100001000011000
0110000000010001
0001001001000001
0010001000010010
1000010001001000
0001100001000010
0011000001001000
0110000001100000
0100001001100000
1100000000001010
1100000010000010
0010001001100000
0000110000100100
0000001100100010
1000000101000100
0100100001010000
0010001001000001
0110000001000001
0011000001000001
0010010000010001
0001001011000000
0000101001000001
0011000000100001
0110000000010010
0110000000100100
1001000001000100
0010100000100010
0101000000001010
0100010000010001
0010001001000100
0010001001000100
0010100000000011
0000101010001000
0010010000001001
0010001001000100
1001000001000010
1000000101000100
0010010001000100
1001000000100010
0000110000010100
1000001001000100
0100001000010001
0100000100000110
