1000100101100010
1000100100110010
0010001110001010
0101001000110001
1001000100110100
0110010010001010
0010101001010001
0101000111000010
0010010101010010
1000101001000101
0101100010100100
1000101000110001
1000010101010010
0011001011000001
0110001010000101
1000101001100100
0010010101010001
0100010110010010
1010000101000101
1000110001001100
0100011000011001
0110001010000101
0110001000110001
0100001111000010
1000110001000110
0010100101010010
0010101001010010
0100100110000110
1000010101010010
1000100101001010
0110000101001010
0010101000010101
0100110001010001
1100100001010001
1100010000101010
0010101001001001
1101000000110001
0010010101010010
0110010010001010
1000011000011100
1000001110001100
0101000100110100
1010000101100010
0001010100001110
0101000110000101
1001010000100011
1010100001011000
0010101000010101
0011001010001001
1100001001001010
0100100110010100
1010000101000110
0001011001100001
0100100100100110
0110100010010100
0100110011000010
0100101001001100
0100010110000110
0101001010110000
0011000100011010
0100100111000010
0100110010101000
0100110010010001
1000011000001011
1001001000110100
1000101001100100
0101100000100101
1100000101010100
1001000101100010
0001001100100110
1000100101011000
1000011011000001
1011000001010100
0011000100001110
1010010001001010
1000011000101010
1001000101100010
0010100101100010
0011001000101001
0110100010001100
0100100110010010
0100001100011001
0010101000110001
1000100100110010
1001010001010001
0101001000101001
0100100100110010
0001100101011000
0101010010001100
1000110001001001
0011001000001101
1000101001001001
0100001100010101
0100010101001010
1000100100110010
1000100111000010
0101000110000101
1001100001100010
1000100101000011
1001001001000101
0100010101001010
1010100001010010
1100001000101001
1000100101000110
0101001000100101
0010110010100010
1000110000100101
1010001001110000
0100101000110001
1001000100100101
1001000100110010
1000010101001010
0011001001001001
0110000110001010
0110100000001110
1001001001100001
0100010100110010
1010010000110001
0110001001101000
0110000110010010
0001011001000101
0010011001010001
0110010011000010
0110000101000110
0101001000100101
0011001000100101
0101100010100100
1010000101001010
0100101000100011
0110100011000010
1001100001110000
1010010011010000
0101100010010100
0100010110010010
0110100001010100
1001001001100001
1000011000010101
1001000100100110
0010101010011000
1000001101100001
0010110000011001
1100000110100010
1101000011001000
0010011001001001
0011000110001100
0100011000011100
1010000111000001
1100000111001000
0010101010001100
0110001000100110
1000001101010010
0110001001100100
0010011001001001
0001011001001100
1010100000100110
1001000110100010
1010010001000101
0100101000110001
1010000101010010
0011000101000110
1001100001000110
1000101001010100
0110000100100110
0101001011000001
0100011010100001
0101100010001001
0100101001001001
0100101000100110
0011000110001010
1001000101000110
1000110001010010
0001001101000110
1101000001011000
0001010100101010
0110010001001010
1100001000101001
1000110001010001
1000010101010100
0010010101001010
0100100110001010
