0101100101101010
1010101010110100
1101000111001010
1001010101011010
0101001110100101
0110011010011100
1010101001010101
1010101001010101
1011000101110010
0110011010011010
1010001101011001
0001111001101001
1001101001101010
0101010111101000
1100100111010100
1100011000101101
1000011101100101
0101100111010010
1101001010100110
0101010111011000
1110000100110110
1001101001101001
1110100001101001
1110100010011001
1110010011001001
1010101001010101
0101011010100101
1010001101100110
0101101011100001
0010101100111010
1000110101110010
1010010110011001
1100011001101001
1010100100111010
1011100001010101
0110110010010011
1010010101011010
0100110101101010
1110001001110001
1010100101011010
0110010110011010
1001100110110010
0101011010101001
0011010111000110
1010110001010110
0001101101100110
0101010111101000
1000011110101001
0110010111010010
1010100111100100
0101011010100011
1010100110100011
1010100101101010
0110101010000111
1010110001101010
0010011101101100
0111010001101001
0110110010101001
1001011001011001
0010110101011010
1111000000101011
0001101101101001
0111100010100101
1100101010110100
1010110001011001
1010010110011010
1010100101010110
1001001101100110
0101100110011010
0110010110011010
0110100111000110
0011100101010110
0010110110001110
1101000111100010
0011101001101001
1010001101011001
0101100110101001
1110100010001110
1010010101010110
1110100010010101
0101101011110000
1010010110011010
1010100101101010
0011101000110101
0100111010010101
1001010101100110
0010011110011001
1101100010101001
0110010101101010
1010011001011001
0011110001110001
1011000101100011
0111001010100011
0110011010010101
1110100001101010
1000011101001101
0101100100101110
0001111010100101
1100100110100110
1010101001011001
0110100110100101
0011110010001011
1010011010110010
0110101010010110
1001101001101001
1001101001011001
1101001010100101
0011001111100010
0111100000011011
1010100111000110
1110000101001101
0110100111001001
1001010101011010
1010110001101001
1011000101011010
1010010101010011
0100110110011010
1110001010011001
1010101001011001
0011010111011000
0101110011101000
1001011001001101
0100101110110001
0100110111000110
0100110110101010
0001110110101010
0110101010011001
1101000110001110
