0000111000011000
0011001010001000
0110001000011000
0010010100001010
1010010001000010
0011010001001000
1000001101000100
1000001101010000
0011001001000001
1010000101010000
0010110000011000
0100001100010010
1010000110000010
0111000000100001
0001001110000100
0010101010000001
1000101001001000
1000001100100010
1010000100010100
0011100000100001
1010001000001001
1100000110000100
1100001000100100
0000110110000010
1100001000110000
0011010010000001
1010010000100010
0100110000010100
1100001000010001
0011001010001000
0010110000100010
0100101000010100
1010001000000101
0101010000100010
1000110001100000
0011001010000100
1000101001001000
0011010010001000
1000101010000100
1100001001100000
0010110000000101
1010010001001000
1100010001000010
0100110000100010
1010001001001000
0010001100010010
1000100100000101
0110000100010010
0100110010001000
1100001000011000
0000110110001000
0011010001001000
1100100000010001
0010110010000001
1011000000100001
0011001010000001
0100011000100100
1010010001000001
0001110001000100
1100000100100001
1000001100001001
0100110010000010
0011010000000011
0101010000101000
0011001001001000
0100110010001000
0011001010000010
0111000000101000
0011010000100100
0011001000010100
1000010101000010
0010101010000100
0001010110000010
0011010000100001
0010101010000100
1100010010100000
0010110010000010
1000110001000100
0010101001000001
1000010101000010
1010001001000001
1001001000001001
0111000010000010
0011001010001000
0011001000100100
0010110000100010
0100010100011000
1000001100100001
1010100000000110
1100001000011000
0100101000010001
0001110001001000
1000001100100010
1000110001010000
1100001010000010
0100110000101000
1010010000001001
0110001001100000
0010101010000010
1000110000000011
1010010001001000
1100001000010010
1000011001000100
1000101000100001
0100110000100010
0010101000010001
0011010000011000
0101100010001000
0010110010000010
1100000110000100
1100001000110000
1011000000100001
0010110010001000
1010000100011000
0011010000011000
1010010000010010
0010010101001000
1101000000100010
0011100001010000
1010100001001000
1100001010001000
0110100000000110
1011000000011000
0011001000101000
0100110010001000
1100010000011000
0100101010000010
0001101001000001
0010101000000011
0011001010000001
0011001001000001
1001000101000100
1010100001000100
1101000010000001
0110010000011000
0011100000010010
0100101011000000
1010100001000100
1010010010001000
1100100001000010
1000110001001000
0001001100001100
0011001000011000
0100110000001010
0011010001100000
1010100000110000
0110010001000001
1000110001010000
1001000100100010
0010011000010100
0010110000000110
0011000101001000
1001001000110000
0010110000010100
0101010000100100
1000010101001000
1000101001000100
1000010100001001
0001010101000010
0011001010001000
0011010001010000
0000111000010100
0010110010001000
0011001010001000
1001001000100001
0001100110000010
1000001100000101
0000111000010010
0011100010000100
1100001000101000
0011001001001000
0101001000100001
1000110000011000
0100101000010001
0010110001000010
1000110001010000
0010110010100000
0100110000100001
0101010000100010
0010101000000110
0001001100100001
0001101000100001
1010100000010100
1001001000100010
0010001101000100
0010110010000010
1011000000010100
1100100001000001
0010101000100010
1000110000100001
0010110001000010
0100011000110000
1100001010000100
0100101010000100
1001010001010000
0010100100100010
0100101010000001
0010110001000001
1011000000101000
0100101010000001
0000111000100100
1100100010001000
0000111000101000
