1000010001010000
0010001001001000
0100001001001000
0001000101001000
0001000101001000
0100010000100100
0101000001000001
0001001010001000
0100000100010010
0001000110100000
0110000000010001
0100010000011000
1000100000101000
1001000001000001
0001000101000100
1000000100101000
0001010000100010
0100010010000001
0010000100000101
0001001001000001
0100100000010100
0000100100100100
1000010000010001
0001000101001000
0100000110000001
1000010000010001
1000000100010001
0010001010100000
0000011000100001
0010001010100000
0000101000010010
0101000010001000
1100000010001000
0001010001000001
0010010001000001
0010010000010001
0100010000010010
0000101010001000
1000100010000100
0001000110000100
0001000110010000
1000010000100010
0100000101000001
1000010001010000
0100010000100010
0000011000010001
1000000101001000
0100100000101000
1000010000101000
0001001000010001
0010000101001000
0100010000100100
1000000101000100
0001000101100000
0001010001000001
1000001010000010
0001001010001000
0000011000001100
0001001000000101
0100000100011000
0100001000010001
0000011000110000
1000000100001010
0010010010010000
0001000100010100
0100001000011000
0100100000100010
0100010010000010
1000001000100100
1000001000010100
0100000100011000
0001001000100100
0100100000011000
0001000101000010
0010000101000001
0100001000011000
0001100000100100
0001001001000001
0010001000100001
0100000100100010
0000011000101000
0011000010001000
0001001000001010
0101000001010000
1001000001001000
0100010000011000
0001100000100010
0001010001000010
1000001000010010
0100000110001000
0001100000100100
0100001000011000
1000100000010010
1000100000100100
0000010110000001
0100010000010010
1000001000100001
0001000100101000
1000100000100001
1000100010000001
0001000100100010
1000100000100001
0101000010000010
0001001000010001
1000000101010000
0100000100100010
0100010000010010
0010001000010010
0001010000100100
1000000101000001
0010010010000100
0000101010000100
1000100000100001
0011000001000100
0001001010010000
0001001000010010
0100001000010001
0001000100011000
0101000001000001
1000001000101000
0010000110001000
0010001010001000
0100100000001010
0100100000010100
0100100000101000
0000011001010000
0000011000010010
1000100000010010
0001001000100100
0100100001000001
0100010000010001
1000100000100010
0000100111000000
0001010000100100
0010100010000010
0001000110001000
1000000100011000
0001001000100001
0010010000000101
0100010000010001
1001000000100100
0110000000100001
0100001000010010
0010010000010010
0010000100011000
0001001001000100
0001100010000100
0001001000100001
0001010000100010
0001010000001001
0001100000010001
0010001001001000
0001001001000010
0001000100010001
1001000000010001
0011000001000010
1000000110001000
0010001000101000
0100010010001000
1000000100110000
0010100010000100
0010001010010000
1000000101000001
0001100001000001
0010100001000100
0100001000010001
1000001000000101
1000000100100010
0001001000100010
1001000001000010
1000010010000010
0001000100100100
0000010100100001
0001001000100001
1000100000010010
0001001010000010
0100100000101000
1000010000010001
0100010000011000
0001001000100001
0100001000010010
0001100000010001
0001010001000100
0000001100101000
0010000100101000
0001100010000001
0000101001001000
1000010000101000
0100001000010001
0010001000010001
0100010000100010
0001000101000001
0100010000010001
0100000100100100
1000100001100000
0100100001000010
0100100000010010
0001000100101000
1100000000010100
1000100000100010
0001001000001010
0010001010000100
0001100000101000
0101000001001000
0001010000010010
0101000000100001
1000000100001001
0001010000100100
0101000000100001
1001000000100010
0001000110001000
0001010000010010
0101000000010010
0001000100100100
1000000100101000
1000001000010100
1000010001100000
0010001001000010
0001001001001000
0100010000100100
0000010100010001
1001000010000010
0010001000010100
0100000101000001
0100100000011000
0100001000101000
0100000100001010
0101000000100100
0100000101000001
0001001001000100
0100000100110000
0001010010000100
0001010001000001
1000000101100000
0100000100100001
0001001010001000
0100000100101000
0001001001001000
0010000100100100
0100001001000010
1000010001000001
0100010000001100
0010100000100001
0101000010000010
0001000100010100
0000011000101000
0101000010010000
0100100000100100
0100010000100010
0010000110000100
1000010000100010
0010001000010010
1000010000100001
1000001001000100
1000000100100100
0001010000100001
0010010000010010
0100010000010100
0010001000010010
0001010010010000
0010010000000110
0001010000100010
1000100000010001
0001000110001000
1100000001100000
0100010000100010
0001001000010010
0000010110000100
0001000110001000
0000001101000001
0001010000100001
0001001000100100
1000001010000100
0010001010001000
0001010000000110
0001001000100001
1000000100100001
1000010000010010
0001001010000001
0101000000000110
1000100010000001
1100000000010001
0001010010001000
0100010000010010
0001001000001001
0000011001001000
0001000100101000
1000000100010010
0100001010000001
0100010010000100
0100000100100001
0100100000010001
0001010000100001
0001000100010010
0011000010000010
0001010010000001
0010010000010010
0100010000100100
0100010000101000
1001000000010100
1001000000101000
0001010000100010
0100001010010000
0010001000010001
1001000010010000
0100000100011000
0010000101010000
0010001010001000
0100100010000001
0001000100101000
0001000101000001
1000001000010001
1000001000100010
0100100000100010
1000010000010010
0001000110000100
0011000000010010
0001000100001010
1000000110000100
0001010010000100
0100001000010001
1000010000010001
0001001010001000
0100100010000001
0100010000010100
0100100000010100
0100100000101000
0010001000010010
0010100000100010
0010001000000110
0010001000010010
0001000100101000
0100000101000100
0001001000000110
1000001010000001
1000000110000010
0001000100010001
0101000000100010
0110000001001000
0001001001000100
0001010001000001
0100001001000100
0000010100000101
0100000101000100
1100000001010000
0100000100101000
0001000100010100
0001000100100001
0000100101000100
0001100000000101
0001000100100001
0001010010000100
0010100010000001
1000000100100100
0001010000010010
1001000010000001
0100100000010010
0010001001001000
0000100110000010
0010010000100010
0100001000010010
0001001001001000
0011000000100010
0001000100010001
0010000100101000
0001010000100100
0100100000100001
0001100000101000
0100001000100001
0001000110000001
1001000000010001
0100010000010010
0100001000100001
0100000100011000
0100100001000010
0010001010010000
1000010001100000
1000010000100100
0001000100011000
1000010000100010
0010100001010000
1000010000101000
1000001000101000
0001100000100001
0110000000000101
0010010000101000
0000100100010010
0001000110000100
0001000110000100
0000001110000001
0100010000100010
0001000100100010
0101000010000001
0000010110000001
0100000100101000
1000000100110000
0100100000100001
1000000100100010
0001100001000010
0100100000010010
0100010000100010
1000010000101000
0000011010000010
0100010000100010
0100000100010010
0010001000011000
0011000000011000
0110000010001000
0001010001001000
0100010000010001
0001010010000010
0001100010100000
0100010000010001
0010000100010001
0001000100101000
0001000110000010
0000011000010001
0100000100010010
1000000101000100
0110000000100010
1000000101000010
0001001000000101
1000000101001000
0100001010001000
1000001001001000
0011000011000000
0010010000010010
1100000000010001
0001001001001000
0010010000101000
1000010000010010
0101000000010001
0010000100010010
0000100100100010
0101000010000100
1000001000100100
0100010000010100
0010001000101000
0001100011000000
0100100010000001
1000001001001000
1000000101000001
0100100010100000
1000010000101000
1000100001100000
0000010100110000
0001001001000001
0001010010000010
0100001010000010
1000000100100010
0100010000010100
0101000000000011
0100000101001000
0000010100010001
0010001000010100
0001100000001010
0100001000101000
1000100000010100
0001010000100010
0010001000100001
0010001010000010
0010010010000001
1000000100000101
0001000100100001
0001000110000100
0100010000000110
0001000100100010
1010000000010001
0100010000100100
0001001010001000
0001001010000100
0001001000100001
0000010100100100
0001000100100010
0001010001000001
0000110000011000
0001010010001000
0010001010000100
0101000000001010
0100100011000000
0010000100101000
0001100000100010
0001001000010001
1000001000100001
0000010100000011
0010000101000100
0100100000010010
0100001000000101
0000010100010001
0001000100101000
1000001001010000
0010001000010100
1001000001000001
0010100010000001
0001010001010000
0100000100100001
0000011000010001
0001001001000001
0010010000010001
1000000101001000
0010010000010001
0100100000100010
0100001000100001
1000010000100010
1000100000100001
0001001000101000
0001000100010001
0100000100011000
1000000100100001
0100010000010001
0010100001001000
0010010000010001
1000100001000001
0001010000010010
0101000000011000
0100000100101000
0001000110000100
0100000110000001
0000010101000010
0000100100010001
1100000000101000
1010000001000001
1000001000101000
0100000110001000
0010010001000001
0001100001000100
0000011000100001
0100000100100001
1010000000000101
1100000000100001
0010001000000110
0100000100001010
1001000000100001
1000000100011000
0010001010000100
0010001010000001
0100000100100010
0001001010000001
1000100010000001
0001010000000011
0001010000100100
0100000100000101
0001000100100010
0010000100000101
0000101001001000
0010000110000001
0001000101000100
0010000101010000
0001001000101000
0100001000011000
0100000100011000
0001010000010001
0100000100010001
0001000110001000
1000000100011000
0001001001010000
0100010000010100
0010001000101000
0001000100101000
0001001000001001
0001001010000100
0010000110000100
0000010100100001
0010000100100001
0100010010001000
1000000110010000
0100100000010100
0101000001000100
0100010010000100
1000100000010001
0001100000000110
0000010101000100
1001000001000010
0001001001001000
0001000110100000
0000010100101000
0100100010100000
1000001001000001
1100000000101000
1000100000000101
1000010010000010
0101000001010000
0100100001001000
0001010011000000
0001001000010100
0000010100101000
0011000000101000
0010000110001000
0001001000100010
0001000110000010
1000100000100100
0100001000000101
0010000101000010
1000000101010000
0010000100100001
0010100000110000
0010000110000100
0010100000010001
0001000111000000
1000001000010001
1000100000100100
0010000110000001
0100000110010000
1000010000100010
0001100000010100
1000100000101000
0100001000101000
0000101000100001
0100010010000100
1000000101000100
0000100101000001
1000010000101000
0100100000100001
0001000101010000
0001001000101000
0100001000101000
0010100000010010
0001000110000100
0100000101000100
0100001000010001
0010010010000100
1000010000001010
0001010010000001
0001000100100100
1000100010000001
0001100010000010
1000010000001001
0100100000100010
0100001000110000
0010000100000101
0100100000010010
0010100000100010
0010010010000100
1000000100100001
1000000100101000
0100000100100001
0001000101001000
1010000000010001
1000100000100100
0010000110001000
0100100000010100
0100100000010001
0100010010010000
0001001010000001
0001000100010001
0010100000010001
0000101010000010
1100000000101000
0010010010010000
0010001010010000
1100000000100001
0100001000100001
0100100000010001
0000100100100001
0010010010000010
0100001010000001
1000000110010000
0001100000100001
0000011010000010
1000000101010000
0100001010001000
0001000110001000
0100000100100001
0010001010001000
0100000101001000
0100000101000100
1001000000010100
0100010000100001
1000010000101000
0100000110010000
0100001001010000
0010000101001000
1000000100101000
1000100000010001
0100100001000100
0001010000010001
0110000000100001
0000010101001000
1000000101000010
0000011000010001
0001000101010000
0001000100010001
0100010000011000
0100100000100010
0010001010000001
1001000010000010
0000101000010100
1000010000001010
0000011000010100
0001001000000110
0001000110000100
1001000011000000
0101000000010100
0000101001000100
0100001000101000
0001001010000100
0010001010000001
0001001011000000
0100010010100000
0010000110000100
0100001000100100
0100100000011000
0010100000010010
0100000100010100
0010001010100000
0100010000011000
0001001010000010
0000001100010010
0001010000000110
1000001000100100
0010000101001000
0010000100100001
1100000001000010
0010001000010010
0001001000001001
0100010000001010
0100000100001010
0100000100010010
0001001000101000
0100001000001001
0010001000100001
0010100010001000
0100000100101000
0000011010000010
0000011000000101
0100010000010010
0001001010001000
0010001001010000
1000010001100000
0100010000101000
0001001000100100
0100001000001001
0100010001000010
0001100000100100
0010000110001000
0010100000100100
0101000000100010
0100010000011000
0101000001000100
0010100000100010
0001000100100001
0100001000010100
0100000100101000
1000000100010010
0010000101000010
0100000101000001
0001001010010000
0100000100011000
0001001000100001
1000000110001000
0010100000100010
0001010000100010
0100000100010010
0010000101000100
0010000100101000
0010000110000010
0101000010000001
0010000110000100
0100100010001000
0100010000010010
0010010000010010
0100100000100001
0010000100010001
0100001000010010
0010010010000001
0010100000000011
0100000100011000
0100000100100001
1000010000100010
0101000000010010
0000011000100100
0100010000100010
1000001000100001
0100000101000100
0001001000010010
1000000101010000
0000010100101000
0110000000100010
0100000110001000
0001010001000010
0001000100101000
1000100000000101
0001100000010010
0100010000101000
0100000101000100
1000100000000011
0000101000100010
0001001001100000
0100001010100000
0010000100010100
0001100000110000
0100000100010001
0001001010000001
0100010000010001
0001000100100010
0010100010000010
0011000010010000
1000010001001000
0010001000110000
1001000000101000
0010010000100001
0001001010000100
0001000110001000
0100001000000101
0100000100100010
0010100011000000
0001010010000010
0100001000000011
0100000100010100
0001010010001000
0001000100010010
0001001000010001
1000010000100001
0100010010000001
0000101000010010
0100010000100001
1000000100010001
0010000101010000
0001000101001000
1000100010000001
0001010000100001
0010001001000001
1000001010000100
1000001001010000
1001000001000100
1000010000001100
0101000001000100
0100001000010001
0100010000101000
0010010000010010
0100010000010010
0000011001001000
0001000101000100
0001010001000001
0000010100001001
0100001000101000
1000010000011000
1000000100010001
0010100010000001
0001100000010010
0010100000011000
0010010001000010
1000100000100001
1000100001000010
0010001000101000
0101000010000100
0001001000100100
0100001000011000
0010000101010000
0001010000010001
0001010000010001
1000100000100010
0100001010001000
0001000110000010
0001000100101000
1100000000001001
1000010000011000
1100000010010000
0001000100100100
1000001000010010
1000000100101000
0100001000100100
0100010000101000
0001001010000001
1100000000010010
0100000100101000
0000001100100100
0000100100000101
0100100000000110
0000011001010000
0101000001000001
0001000100100010
0100010010001000
0001000110000100
0010000100100001
0100000101001000
0011000000101000
0001100000100010
0001000110001000
1000010000010100
1000010010000001
1000100000010001
1000000100100001
1001000000101000
1000000111000000
0001010001001000
0100001000110000
1001000000100001
0100100000010100
1001000001001000
0100100000010001
0100010010000001
0110000000010010
1000001000100010
0100100000000011
0001001000101000
0001000110000001
0001001010000001
1000010010100000
0001000100001001
0010100001000100
0001010010000010
0001010000100001
0001000101000100
1000100000001100
0001100000010001
1000001000010100
0000010100011000
0001010010000001
0001001000100001
0001001000101000
0100010000101000
0001000110000001
0010001010001000
1000010000010001
1000000100000110
0100001001000001
0001000100010001
0001100000010001
0101000010100000
0010000110000100
1001000000010001
1000000100010001
0100010000100001
0100000100101000
1000001000100100
0001100001100000
1001000000001001
0010010010000100
0100010000101000
1000010001010000
1000001010000001
1000000100100010
1000000100011000
0010010000000011
0001000101000001
0100010000010010
0100001000010001
0010010010000001
0101000000101000
0010010010000001
1001000001100000
0001010000100010
0001000100100001
1000010000010100
1010000000010100
1000000100101000
1000000100101000
1000010000000011
0001001010001000
0000100100010001
1001000001000100
1010000000110000
0101000010001000
1010000000010001
0100000100101000
1000100010000010
0010001001000100
0010001010001000
0001000100100010
0001000100110000
0010001000000101
0010000110000001
0010010001000010
0001010000100001
0000011000100001
0001000100010100
0000101000101000
0100001000010010
0010000110001000
1000010000100001
0001000100101000
0100001001000100
0001001010000100
0010010001010000
0001001010000001
0000011000010001
1010000000011000
0100000100010001
0010000110001000
0100100010010000
0010010000010001
0100010000100010
1000100000100010
0100010001000100
0001000101000010
0100100000100010
0010000100001001
0001000100100100
1000010000000011
0000101001000100
0100100000010010
0011000000100010
0001000100100001
0010100001000100
1000100001000001
0001001000011000
0001010000010001
0010000100010001
0100001000101000
1100000001000100
0001010000010010
0010000110001000
0010001000010100
0100001000000101
1000010010010000
0100010010000001
0010010000011000
0100001000100001
0000001101010000
0100010000100001
0001010001000010
0000001101000100
0000011000010010
0001001000000110
0001000101000001
0010001010000001
0001001001000100
0001000100100010
0100010010000001
0001010001001000
0100010010000001
0001010000001010
0100010001000100
0001100001000001
0001001000100010
0001000110001000
0001001000101000
0001010000100010
0100000101100000
0100000101001000
0010100000000110
0010001000010001
1010000000100001
0001000110000010
0001000100101000
1000000100100100
1000100001000100
1000010001000001
1000100010000001
1100000000010010
0100001000100100
0001010001100000
0010000100100100
0100000100101000
0000010100100100
0100010000010010
0100100000100001
0010001000010100
1000000110001000
0010001000101000
0100001010010000
0001100010000100
0001010010001000
0000100100100100
0001000101001000
0100000100011000
0001010010010000
0001001010000001
0100100000010001
0100001001000001
1000001000101000
0010000100001010
0100001010001000
0001001001001000
0100010000101000
0001000110000100
0001010000010100
0001100001000010
0000010100010001
1000100000100100
0100010000010100
0001001010000100
0001010010001000
0001001010000010
1000100001000001
0001010000010001
0100000100011000
0000110000010010
0100100000000101
0000110001000001
1000010000010100
0010010000010010
0100010001000001
0100000100100010
0100010000100010
0001001010001000
1000100001000100
0001000100100100
0001010010000001
0010100001001000
0010010000100001
0011000010001000
0101000000011000
0100010000011000
0100100000100100
0010001010000001
0100010010000001
1000000100011000
0001000100010001
1000010001000001
0010010010100000
0100100000110000
0100000100000101
0100001000010001
0010001000010100
0100100000100010
0001100000010001
0100010000100001
1000010010000001
0010000100011000
0001100000010100
0001000100010001
1000100001000100
0101000001000001
0010001000100100
0010100001000001
0001100000101000
0100100000100001
0100000110000001
0010001000010100
0001100000000101
0100001000101000
0010000100001001
0000100110000100
0010001011000000
1000000100010100
0100000100100010
1100000000001010
0000011000001100
1000000100101000
1000001000010001
1000010000010010
0001001010000001
0000011000100010
0000101001000100
0001000100100010
1000000100010001
0100000100011000
0010000101010000
1000000110000010
0100000100101000
1001000001000001
0010010010010000
0001001010000010
0001010001001000
1000001000101000
1000001000101000
0000101000000101
0001000100100010
0010001000010001
0001000100110000
1001000011000000
0010001001001000
1000010001000010
0001010000010001
0000011000001010
0010000100100001
0001001001000001
0001001000000101
0100010000010001
1000100001000010
1000001001010000
1000010010010000
1001000001000010
0001001000010001
1000010011000000
0010100000010001
0001000101001000
0000011000100001
0100010000100100
0100010001010000
0100010000100001
1001000001001000
0100100001000100
0100010000010001
0100000100001010
0100100000010010
0001100001000010
1000010000010001
0100000100101000
0100100000010001
0010000110001000
0100010000100001
1000010000100010
0100001010001000
0001010000010001
0001000101001000
0100000110000001
0100000110000001
0001001001001000
0100001000101000
0100010001000001
0100100010000100
0100001000101000
0100001010000100
0101000010000001
0010000100010001
0001000100101000
0001010000100010
0001000101001000
0001000100000101
0110000001001000
0100010001001000
0100010000110000
0110000010000001
0100001000011000
0010000110001000
1000000100011000
1000010000010001
0100100000100010
0100000100010001
0100001000010100
0101000000010010
0010010010010000
0001000110000100
0010100001000001
0001000100010001
0001000100100100
0001010010100000
1000010000010001
0100001000101000
0000010110000001
0001000101010000
0101000010001000
0010100000010001
1000100001001000
0010001010000001
0000101010000001
0100010000010010
0001001010100000
0001010000010001
1000100000010001
0100001000010001
0100100000000110
0000100110010000
0010001010001000
0100000100100001
0100000100001001
0100001010000100
1010000000101000
0100000100010001
1000001001000001
0001010000011000
0100001000010001
0101000000101000
0100000100100001
0001010010000010
0100100000100010
0100010010000010
1000000101001000
0000011001100000
1000000100100100
0100000101000100
1100000000100010
0100001000011000
0010100000000101
0100001001010000
0000001101100000
0010000101001000
0001000100011000
0001000100100001
0001001000010010
0100100000110000
0001010000011000
0010000100001010
0100100000010001
0001000101010000
1000100001000001
0100001000100010
0001010010000001
0010000100110000
0000011000101000
0010001000010001
1000001010001000
1000000101010000
0100000100100100
0100000101000100
0100000110000100
0100010000100010
0001010010000010
0010000110010000
0010100000100100
0100010000010001
0100000100001010
0100001000010001
0010001000100001
0100000101100000
0100000101000100
1000010000010001
0100000100100001
1100000001000010
0000010100100001
0001000100010001
1000000110010000
0010001010000100
0100010000011000
0001010001000001
0001000100001100
0100010010001000
0001001000101000
0100100010000010
0100010000010001
0100000100100100
1000000101100000
0100010000100010
1000100001000010
0010001001000010
0001001010001000
0001000100011000
0100001000100010
1000000100010010
0001000100100001
0001000101001000
0001000100010001
1000000100100100
1000001001001000
0001001001000001
0100000111000000
1000001000100010
0001001000100001
0010100001000100
1000001000100010
0010010001100000
0010001000100001
0011000001001000
0100010000100001
0001000100101000
0100001000010001
1000000101000010
1000001010000010
0000010110000001
0100010000010001
0001000110000100
0010000100100010
1000010001010000
0100000101001000
0100010000100010
1000010001010000
0101000000010001
0001000100010001
0101000000001010
0001010001000001
0010010000100010
0100010000100010
0000101000010001
0010000110000100
0001010001001000
0100010000100100
0001000110000100
0001001010000100
0001010000101000
0100001001001000
0001001010000100
0000100100100010
0101000000100100
0100100000100010
0001000110000001
0001010010000100
0001001000010100
0100000100010001
0100000110001000
0001000100010010
0100000100010001
1000010000010001
0001000110000010
0000101000100100
0001100000010010
0001000101000001
0010010001010000
0001000110001000
0100010000010001
0100001010001000
0001000110010000
0010010001000100
0001000101000100
0001000110001000
0010000110000100
0001010001001000
0100000100100001
0001100000100100
1000000100000110
0000001100010001
1000100000010010
0100000101001000
0010001000100100
0010001000101000
0100010000101000
1000000100101000
0100000100011000
0110000000010010
0100001000110000
0100100000100001
0010001010000100
1000010000100010
0010000110000010
0001100010000010
0110000000101000
0010000100011000
1100000000100001
0001000110001000
0001001000000101
1000010001000010
0001000110000001
0010001000000101
0001000100101000
0010010010000100
0100100000100001
0001010000000101
0010000101000010
0100001000010001
1000000101000010
1000001000011000
0001001000010001
0100000100011000
0000011010000001
0110000001100000
0001100000010001
0001001001000100
0000011000100100
0001010000010010
1000000100100001
0010001000100001
0001010000010010
0100000100010100
0100001001000001
0001000100100001
0001001010001000
0010001000101000
0001010010001000
1000001000100010
0001100001000100
1000000101000100
0100001000010100
0101000010100000
1000001000110000
0100010010000100
0010100000010001
0100001000100001
0001000110000100
1000000110000001
0010001010000010
1000100000100001
1000000110000010
0001010010010000
1000010000000011
0010000100101000
0010001010000100
0001001000100001
0100100000100010
0001010010000010
0001001001000001
0001001000011000
0001000100100010
0100100000100001
0100000100011000
0001000100001010
0010000100001010
1000100010010000
0010100000010100
0000110000101000
1001000001000010
0010001001000100
0001010010000001
0101000000010001
0010000100101000
0001000100010001
0100001000101000
0100100001000010
0101000000001010
0001001000100010
0000101000011000
1000000110000001
0100001000010100
0100100000100010
0001100000101000
0001000100011000
0100010001000010
0001010010000010
1000000110000001
1010000010001000
0100000100000110
0010100000010001
0001001000010001
0001000110000001
0001001000100001
0010000100010001
0010000100010010
1000001000100001
0010000100100100
0100100000000101
0100000101000100
1000001000010001
1000001000100001
0001010000010010
0100000100001100
1001000000110000
1000001000100100
1000100001000100
0100001000100001
0000011000100001
0001001000100001
1100000000101000
0010100010000010
0110000000010100
0001000100101000
0101000000110000
0010000100010001
0000011000101000
1000010001000010
0001000100100100
0100010010010000
0010010000000011
0100001000010100
0001001000100001
1000100000010010
0100100001100000
0100010000100001
1000100000010100
0100010010000001
0001010000010001
0100100000010001
0010000101000010
0001000100101000
1100000000100010
0000011000011000
0001100001010000
1000001001000010
0000010101000100
0110000000010001
0100000100000110
1000010001000001
0001010010001000
0100010000010001
0001000100011000
0001010000010010
0000101000100001
0100000100110000
0101000001010000
0010010000010010
0010010001010000
0010001000100100
1000001000010001
0001001000011000
0010000110001000
0001000110001000
1000100001000100
0100100000100001
1000000100010001
0010000110000001
0100000100101000
0100000100000101
0001001010000010
0001001010000001
0001000110001000
0001000110000010
0100000100100100
0010001000010010
0001000110001000
0100000100010010
0001010001000100
1000010001001000
0001100000000110
0001000110000010
1000010001000100
1100000000011000
1100000000001001
1000100000100001
0001001001000100
0100100000010010
0100100000100100
0000101000100100
0001100010000010
0001010001010000
0000100101000001
0110000000100100
0001100000000011
1010000010001000
0010100010000001
0001000101000001
0001000100001010
0110000010000100
1000010000010001
0100010000100100
1000010000100001
0010010000001001
0010000101000001
0001000100100100
1001000001001000
0110000000010001
0001000100010100
0100010000010001
0001010010000010
0100010001000010
0001001010001000
0100000100100010
0010001000010001
0001001000001001
0100010001000100
0001001001001000
0010000101000001
0010000100101000
0001100001100000
1000000100010001
0100000110000001
1000001000100100
1000001000010010
0101000000100100
1000010000010010
0001001000100001
0001001010001000
0001010000010010
0100100000100010
0001100000100010
1000001001000001
0101000010000010
0100010000101000
0010100010000100
0100010000011000
0100100001010000
1000010010000010
0001000100010010
0100001001001000
1000000110000100
0001100000100001
0100000100101000
1100000000101000
0010010010100000
0000101000010010
0001000101000100
1000010001000100
0001001000010001
0001000101000100
1000010001000001
0000110010010000
1000010000010010
0001001000100001
1000000110000001
0001000110001000
1000000100101000
0001000110000001
1001000000001001
1001000001001000
0100000100010010
0001001001001000
0100100000100001
0001100010001000
0100000100010100
0101000000100010
0000011000100010
0100000100001010
0010100000000110
0110000001100000
0100010000010010
1000010000100010
0100000100010001
0001010000100001
0001100000000110
0001001001000100
1000010000010100
0100010000100010
0010000100010001
0001000100010010
0001100010000001
0001001001010000
0100000100100010
0101000000110000
0101000010001000
0001001000100001
0100010000000011
0001000100001001
0100010001000010
1000010000100001
0100010010000001
0100000110001000
0010001000001010
0010010000010001
0100010000010010
0010010000010010
0010001000100001
0100100001010000
0001000100001100
1000010001000010
1000001000000011
0001000100001010
1000001010100000
1000100001000010
0101000000100010
0100100000001001
0100000100100010
0001010001000100
0001001000100100
1100000000011000
0010010001010000
0001001000101000
0001010010000001
1000001010000010
0100010001000010
0100000100100001
0001000110000100
0100000100010001
0010001000010001
0100001010000001
0010000100100001
0010001000100001
0001010000100001
0100001001001000
0100000111000000
0010001000011000
0100000100010010
1000010010000010
0101000001000010
0000101000010010
0100010010001000
1100000010000100
1000010001001000
0100000100100010
0001010010010000
0001000101100000
1000001000010001
0001000110010000
0100100000100100
0010001000100001
1000010000010001
1000010000010100
1000010000100010
1000100000100010
0100001000011000
0100001001000001
0100010000110000
1000001000001001
0000011001100000
0010010000100010
1100000000011000
1000100000100010
1000001000100001
0010010010010000
0100010010000010
0100000100100001
1000010001000100
0001010010000001
0100000100100100
0101000010001000
0100010000010100
0100010000100001
1000001000100010
0011000001010000
1000000111000000
0100010000010010
1000010000100001
0001000101010000
0001001000100010
0001100001100000
0001000100011000
1000010000100010
0001010010000010
0000010100101000
0100000100101000
0010001000100100
0000010100011000
0001010001100000
0001010001000001
0100001000100010
1001000000000101
0001001000001001
0100010000010001
0100010000100010
0000010100100001
0100010000001010
0100001000101000
1000001000100100
0010010000100001
1000001000011000
1000100000100100
1000010000011000
1000100000101000
0001010011000000
0100100010000001
0001001000001001
1000100000000101
0001010000100100
1001000000001100
1000010000000101
0010001000101000
0000010100100010
0011000001000100
0100000110001000
1000001010010000
0001000110000100
0100100000101000
0010001001001000
1000010000101000
0001001000100010
0010010000000110
0100010000010100
0100010001000001
1000001000101000
0100100010100000
1000001001000100
1000000101100000
0101000000010001
0101000000010010
0010100000000101
0100010000001010
0001100001000100
1000000100101000
0001000100010001
0100010001100000
0100010011000000
1000010001010000
0010000100010001
0001010001000001
0100000100001010
1001000001001000
1001000000100001
0100001000010001
0001010000101000
0010100001000010
1010000001000010
0000011001000100
0001100001001000
0000010111000000
0100010000110000
0010001011000000
0001001000001010
1000001000001001
0010000100011000
0100000110010000
1000000110100000
1000001000001100
0100100000100001
0001001000100001
0001010001010000
0100010000001010
0000011000001001
0001001000101000
0001100000011000
0000110001000100
0100000100010010
0000100110000001
0001000101001000
0001010010010000
1000000100010001
0000010100100100
1000001010000010
0010000100010010
0001000110000010
0100010000010010
0001010000100001
0100000100101000
0101000000100100
1000010000100010
1001000000100001
1000010010010000
0100010010000001
0001100000100001
1000010001000001
0010010000011000
1000001000101000
1000010010000100
0010001000010010
1000010000100010
0100010000100010
0001000100001010
1000000101000001
0010010010010000
0100000100101000
0001001010010000
0100001000101000
0010001000010001
1000000100010001
0010010010000001
1000000100101000
1000001010100000
0001000101001000
1000000100011000
0001000100001001
0010010000010001
1000010000100001
1000000100100001
0101000010001000
1000100000001010
0000010100000101
0000011000010100
0001010000101000
0100010000100001
0100100000010010
1000001000100100
0100001000100001
0100100000001001
0010001000100010
1000100001000100
1000010010001000
1000001000101000
1000000100011000
0001001000010010
0000110001000100
0001001000000101
0010000110000100
0010010001000010
0100010000101000
0100000110001000
1000010000010010
1000100000100001
0100001001000001
0001010000100001
0001000110000001
1000000100100001
0000100110100000
0000011000010001
0001001000010001
1000010000010001
0100001000100100
0100010000100010
0101000000000110
0010000101000010
0100010000010001
0100001000100001
0010001000010010
0010001000011000
0011000010000100
0010100000100100
0001010000100001
0100000110000010
0101000000001010
1000000100100010
0001010010000001
1000001010001000
0100010000010010
0000010100100100
0001010000010100
0000101000010010
0001000100010001
0000100100100001
0100100000101000
0100100000101000
0010100010000001
0001001000011000
0110000000010001
0000011000011000
0001010010010000
0001001000001010
0000011010010000
1000010000011000
1001000010001000
0001001001001000
1000001000010100
0100100000000110
0010100000100001
0100001000010001
0001000100100010
0001010001000001
0001000101000100
0100001000100001
1000100000100001
1000010010001000
0000010110010000
0100010001010000
0100100010000100
0001000100100100
0001000110001000
0001000110001000
0100010000100100
0000110010001000
0100010000100010
0001001000010010
0001000101100000
1000000100010010
0010000100011000
0001001001000100
0011000000011000
0001001000001001
0010000100101000
0100001010001000
1000100000100100
0001001000100010
0011000000101000
0100000100100001
0100010001001000
1100000000010010
0000101001010000
0100001000100010
0001000101000100
0001010010000001
0010001010000001
0000001100010010
0010010010001000
0100010001000001
1000010000100001
0010010010000001
0001000101001000
1000100010000001
0100010000100001
0010001000100001
0001000110000001
0100001000010001
0100010000010001
0011000000010001
0100010000101000
0100010000101000
0001010010010000
0001000101001000
0101000000000101
0000101000100001
0010010000010010
0100001000001001
1000100000100100
0010001000010100
0010000100100010
1000000100001010
0100010000010010
1000000100100100
0010000100010001
0001000110001000
1000000100110000
1001000010000100
0100000100010100
1000001000101000
0101000000010001
0001100000000101
0001000100010010
0010001000101000
1000000101001000
0000101000000011
0001001000100100
0100001000100010
0010001010001000
0001000100001100
0101000000101000
0010001000100001
0000001100010010
0100100000100100
0000011000010010
1010000000011000
0000101000100100
0000001100011000
0000010101100000
0000010100100010
0000010110000010
0100100000101000
0001010001000001
0001000100100001
0001010000010010
0011000000100010
1000001000101000
1000000100101000
0100010000100100
0100000100100010
0100001000100001
0001010001000001
0011000000000110
0001100001000100
0100001000101000
0100001000100001
1000010001010000
0000101000011000
0100010000010010
0100010000100100
0001000100100001
0100000100100001
0001000101000100
0100010000100001
0001000101001000
1000001001001000
0010001010000001
0000011000100010
1000001000100100
0000011000010010
0100010010010000
0001000100100100
0010000100010001
0001000110001000
0010010010000001
0001010001000010
1100000001100000
0100100000100010
0000011000100001
0010010000100001
1000000100010010
0001000101010000
0100001000100001
0010001010000100
1000010001010000
0100100010010000
0010010010001000
0001100000100010
0100000100101000
0100100010010000
0000100100100010
1000010000010010
1000001010010000
0010010010001000
0001010010000010
0001001000011000
0100010000010100
1000000101000001
0100000100010100
0001100000100001
0101000000100010
0100100000100001
1000100001010000
1000010010010000
0001001000000011
0001100000100010
0001000100010010
1000000100011000
1000001001001000
0010010010000001
0001000100001010
0001100001000010
0100010011000000
0001000100100100
0100000100011000
0100000110000100
0001010010010000
0000001110000100
1000100000100010
0010000100100010
0010100000000110
0100000100100010
0100010000100010
0010100001000001
0001000100101000
0100000110010000
0100000110000100
0100100000100010
1000000100010001
1000100001000001
0000100110001000
0001000100101000
0000010101000100
0001000100100010
0001010010000100
1000000100100010
0001001001001000
0010001010001000
0001010001000001
0100001000100010
1000000100000101
0001100000100001
0010100010010000
1000100001001000
1000001001000100
0001000101010000
0100010000010010
0100010010000100
0100001001001000
0110000010001000
0001000110000100
0100000100010010
0001001000101000
0001000101001000
0100010000011000
0010000100010001
1000010010010000
0001000100100100
0001010001000001
0010000110001000
0001010000100100
0010000110000001
0001000101000100
0001100010000001
0100010000010001
1100000001000100
0010100001001000
0000010101000001
0100100000010010
0100010011000000
1000010000100010
0001001011000000
0001010000100100
0001000110001000
0001001010000001
0100010010100000
0100001001000100
1000100000000110
0100010000011000
1000000110000001
0010000101001000
0001000100011000
0100100001000100
0100010000100001
0010010000100001
0011000001100000
0010001010100000
0100001000010010
0001000100100100
0100001000000110
0100010000100100
0010010001000010
0101000000011000
0100001000101000
0001010000000101
0001000100100001
0001100001010000
1000100000010001
0000010100101000
0100000100101000
0000110001000001
0001001010000010
0010000110001000
0001001000000101
0100001000100001
0001010000010001
0100000100010010
0101000000100001
0100001000100100
1000000110001000
0010000100100100
0000011000100010
1000010000100010
0001000100010001
1000100010000001
0100100000100001
0010000101000010
0001010000010010
0001001000100001
0100100000010001
0001001001000001
1000001001000100
0000101000010010
0010001000010100
0100010000100010
0001100010000010
0100100000010001
0010000110001000
1000100000100100
1000100001000001
0001010010001000
0100010000010010
0001001010100000
0100001000100100
0010000100001010
0000001100011000
0010000110000010
0010000100001001
0001000110001000
0001010001010000
0001001010000010
0101000001000001
0100001000101000
0001100000000110
0010001000100100
0001100000100100
0010010000100100
0100001000010001
0001100000010001
1010000000100001
0001010011000000
0010000101000010
0010000100100100
1000000100100010
0100100000010001
1000001000010010
0000110000100010
0100000100101000
0100010000010100
0001100001000001
0001100000100010
0100001001000001
0010001001100000
0100010001000001
0001010001000100
1000001000011000
1000001000011000
0010001000100100
0100001000101000
0010000100010010
0001000100101000
1001000000011000
0010001000100001
0001000100011000
0010000100100010
0001001001001000
1000100000101000
0100010010100000
0100001000100100
0100100010100000
0000100100100100
1001000000110000
0001000100100010
0100010000100001
0001010000010001
0000101000100100
0100000100011000
0001001000101000
0001010001000100
0010000110000010
1000100000010001
0100000100100010
0100100010000010
0101000001000010
0010100000101000
0100010010000100
0001010010010000
0010010000100010
0100100000110000
0010100001000100
0000100100101000
0000101001000100
0010001000011000
0100000100100100
0100010010000010
0000010100010001
0100000110000100
0100010000100001
0011000010000010
1000000100000101
0100000100100001
1000100000100010
0100010010000010
0100000101001000
0001000101001000
0010000100011000
0001000100100100
0010000110000100
1100000010000010
0100010001000100
0001010000100001
0000011000010001
0100010000100010
0010001001001000
1000001000010001
0001001010000001
0100100001000001
0000011001010000
1000100001000100
0100010000100010
0001000100010010
0010000100101000
1000010000010100
0110000011000000
0001010000001010
1001000010010000
0100100000101000
1001000011000000
0100010000101000
0100010000010001
0010001010000100
0001000110001000
1000100000100010
0010000100011000
0001001001001000
0100001000110000
0100010010001000
0100000100001001
1010000000101000
0001100000100100
0010001000100010
0010010000010100
0000011001100000
0100010000100010
1000010000010001
0010100000100100
0100001000000110
1010000000000011
0001001000100001
0100001010000001
1000010001100000
0001001000110000
0001010000000101
0001001000010010
0010001000100100
1000001000011000
1000100001100000
0000011000001100
0001010001000001
0010000100100001
0101000000100100
1100000000010100
0100100000101000
0001010010000010
0000010100100100
0001001001000010
0001000100100100
1000001000101000
0001100000100001
0100000100101000
0001000110000001
0100000100100010
0001100000010010
0000010100100010
1000010000010010
0000010101010000
0000101000010010
1000000110000100
0100000100101000
0010001000010010
0100010000100010
0101000010000001
0001100000010001
0001001000010100
1000100000100010
0100000100010010
0001001010001000
0100010000100001
1000010010100000
0100010010100000
0100000100101000
0100000110100000
