1001010101101100
0110100101011010
1001101011000101
0011101001010101
0100110111010010
1101000101100110
1010101010100101
1001100111000110
0111001001001101
0110011001001101
0111000110011010
1010011001001101
0110010111000110
0111000111110000
0110101010010101
1001100101100110
0110101001001101
1001100111100010
0110101001100101
1010101001010101
0110100101110010
0110011010011001
1010101001100101
1100101001011010
0001110101101010
1001010101000111
1011100001100011
1001011000101101
1010010111001010
1110000101011010
1010100101010110
1010101001010011
1001100100100111
1010100101011010
1001011001101001
0110100101011100
0101011010011001
1110010010100110
0110100110110100
1001110001001011
1000101101100110
1010101001011001
1011000101001011
0110011010100110
1110001011010001
1100100101101001
0110101011100001
1100001110011001
1101000111101000
0110010101011010
1100101010101001
1010011001001011
1001100101100110
1000110101101001
1001001101110010
1001001111100010
1010100101010101
1001010111101000
0010111010110001
0110011010100011
0010111000101110
1001011011101000
0110100110011010
1111000001110001
1010010111011000
0010110101010110
0011001110001011
0011001101010101
0011101001100101
0101100110101010
0110010100101011
1010100111001100
0110001110110010
0110110001010011
1001011011100010
0100111010100110
1001011001101100
1001011001101010
0110100110101100
1001001101101001
0101001100110110
0101011010101010
0101100101100110
1110010011001001
1000110101101010
1010101001010101
0010101101100110
1111000000010111
1001110001101001
1100100110100110
0110101010010101
1001010101101010
1001011001101100
0101010101101010
0110100110101001
0110101010010011
1001011000110011
1010011001110001
1011000111000110
1010101001011010
0101101010100110
0110100110101010
1001110001101001
1000111001010101
1100010101011010
0110100101010110
0001011101101010
1010100101010110
0001110100011011
1001110001110001
0111100010110001
0011001110100110
1110001001001101
1110001010011001
0110100101010110
0110010110100011
1010100101010110
0010110110011010
0110110001110001
1010011001011001
1110010010011010
1001011010101010
1100010110001110
0101001101101001
0101100110100110
0110100100111100
1010101001010110
0101100110001110
0101010110011010
1001100101100011
1101001001100101
1001100101100110
1101001010100101
0101100110110010
1010010101011010
1010110001011010
0110110010010011
1010001101010011
0110101000011110
0110010110110010
0110101011110000
0011100101100110
1010101001010101
0110101010100101
1010011001100101
0111000110101001
1010101001001101
1010100101010110
1000101101010101
0011101011100100
0111001001010110
0101010101110100
1001101000110110
1010101001010101
0101001101100101
1001100111000101
1010100101100110
0101010101110010
1001010101001011
0110001110100011
1001110001100011
0110101010110001
0101100110110010
1011001001101001
0101010110101100
1010010101011010
0110100110100110
1100011001101001
0101010110101010
1001011011001001
1001100111001010
0101001110101100
1001101010100011
