0110000000010000
0000011000010000
0001001000000100
0010000110000000
0100010000010000
0100001000001000
0001001000001000
0100001001000000
1000010001000000
0101000000001000
0011000010000000
0010100000010000
0001010000100000
0010001000000100
0001001000000100
0010100000010000
1010000001000000
0001010000001000
1010000000010000
1000100000000010
0110000000010000
0000101000001000
0010010000000100
0000100100010000
0010010000001000
0100010000100000
0010010000000010
0010100000100000
0001010000100000
0100010010000000
0010100000000010
1010000000000100
0100100000010000
0101000000000010
0001001000100000
0010001000100000
0010100001000000
0001100000001000
0010010000010000
0100001000000010
1000100000000100
0010000110000000
0110000000100000
0100010000100000
0010100000001000
0010010010000000
0001001000001000
0110000000001000
0100100000000010
0100001000010000
1100000000010000
0110000000000001
1010000000000010
0010010000001000
0110000001000000
1000010000010000
0010100000001000
0010000100000100
0010001000000100
0000110000010000
0010000100010000
0001010000000100
0001100000010000
0110000000010000
0010010000000100
0110000000000100
0000100100001000
0001001000001000
0001010000001000
0001010000100000
0100001000100000
1010000000001000
0010010000001000
0010010000000010
0101000010000000
0100000100100000
0100010000001000
0100010001000000
0010100000010000
0010010000001000
0000001100000100
0010001000000100
0011000000001000
0100001000010000
1000010000010000
1000001000100000
0010010000001000
0001010000000001
1010000000001000
0010010000010000
0100001000000100
0001001010000000
0010100000010000
0010100000000100
0100000100010000
0010010000010000
1000100000010000
0100001000001000
0100100001000000
0000110000001000
0000001100010000
0010001000000001
0010000101000000
0000101000000100
1000010000000100
0110000010000000
0010100000010000
1010000001000000
1001000000000100
0000010100000010
1100000001000000
1100000000001000
0100001000010000
0010010000001000
0101000000000100
0001001000100000
0010100001000000
0101000000000100
0100000100001000
0000101000000100
0101000000100000
0100001000010000
1001000001000000
0100000100010000
0010100000010000
0010001000000100
1000000101000000
0001010000001000
0100100000010000
0010001000000100
0011000000001000
1100000000100000
1010000000010000
0100000100000010
0110000001000000
0010100000000100
1001000000000100
0010001000000100
0000110000001000
0010001000010000
0001000100000010
0100100001000000
0010010000001000
0010001000001000
0100010000010000
1000001000001000
0001001000000001
0100010000000001
0000001100010000
1000001000010000
0010001000000100
0100010000100000
