1001000000100001
1000100001000100
0100001010001000
0100100000001100
1000001000010010
0100001010000001
1000001001000001
0010100000100100
0101000010000001
1000100010000001
0100001001000001
1000001010000001
1000001010000100
0000100101001000
0100001001000100
1000000110001000
0110000000010001
1000010001001000
0000101010000100
0001000101000001
0010010000010010
0110000000001100
0010100010001000
0100100001000100
0001001010100000
0100100001001000
0010001001000001
0100010000001100
0011000000010100
0001100010001000
0010100010001000
0001000101001000
0100001010000100
0010100000011000
0100100001001000
0001001000101000
0000100100011000
0010100010001000
0010100010001000
0100100010000001
1000100000010100
0010100001100000
1000000100100010
1000000110010000
1100000010001000
0010010010001000
0010000101000001
1000000100100100
1000001001001000
0100001010001000
1001000001001000
1000100000010010
0011000000011000
1001000001000001
0010001010001000
1010000000100100
0010100000011000
0100010001010000
1000001001001000
0110000000000011
0001100010001000
0010100000001001
0110000000010100
1000000100010100
0001010000101000
0000010101001000
0010100000010001
0100010010000001
1000100000100010
1000001000100100
0001001010000100
0100100000011000
0100100010000001
0001001001100000
0010001001010000
1000010000100010
0100100000100010
0010010001001000
0010001001001000
1000001001000100
0100100010000100
0010100001000010
0100100001000001
1000001001000100
0100010001000010
0100100000001001
0001100010000100
0100010000001001
0010001000010100
0000011000011000
0010001001000010
0100010000010010
0001001010000001
0100001000011000
1000100000000110
0001100000101000
0010001001000001
0100010001001000
0110000001000001
1000001000100010
0001010010000010
0101000010000001
0100100000000110
1001000000100100
0011000001000010
1000010010001000
0011000010001000
0001001010000100
0000011000100100
0100001000010001
0010100000010001
0000011000010001
1000001001000100
1000001000011000
0100100000100100
0000010101001000
0000101000010010
0100000110010000
0010001001001000
0100100010100000
1000001010001000
1000010000010010
0000011010000100
0100100000100010
0100100000100001
1010000001000100
0001000110000010
0100001010000001
0010100010000001
0100001000100010
0001001001001000
0100100010000001
0001000110001000
1000001001000001
0001010000101000
0010001001010000
1000000100011000
1001000001000001
1000001000011000
1000000100100001
0010100001001000
1001000010000100
0010001000100100
1000001001000100
1000010001010000
1000001010000001
0110000010001000
0100100001001000
1000001001000100
0010000101000010
0100100001000010
1000100001000001
0010000100011000
1000010010001000
1001000000101000
0001001000100100
1000100001000001
0010100010100000
0001100001010000
0010100001000010
0010001001001000
0001000100100010
1000001000010100
0001100001000010
0100100010001000
0010010000010100
1000010000011000
0100000110001000
1000100000100010
0000100100011000
0100010001001000
0100001001000001
1001000001000010
0001100010001000
0100001010001000
0010001010001000
1000010001000001
0100010001001000
0000010101001000
1000000100010010
0100010010000001
0100001000100100
0010001001000100
0000001100000011
0000010101001000
1000001001000100
0010001000000011
1000100001100000
0001001010000001
1000010001000010
0000100100010100
0100001000100100
1001000010001000
1000100001000100
0000100100010010
0100100010010000
1000100001000001
0100000101000001
0010001001000100
0001000110000100
1000100010001000
1000100011000000
1010000000000011
0100001000010010
0010100001000001
0010100010001000
0001000111000000
0100010010000010
0100000110001000
1000001000110000
0010000100010010
0010001010100000
0010010010000010
0101000000101000
0100100000011000
0101000010001000
0010001001001000
0100000100010001
1000100000000101
1000000110000010
0010010000001010
0001001000100010
0100100000001001
1000000110001000
1000000101001000
1000010001100000
0000101000011000
0001001000100010
0010010010010000
0100010000011000
0001001010000010
0100010000101000
0001001000100100
1000000100011000
0100001001000001
0100001000010001
1000001010000001
0001100001001000
0001010001001000
0000110000000101
1000100000010010
1000000100100010
0010000100011000
1010000001000100
0100001000011000
0001010001001000
0001001010000100
0100010001001000
0100100001010000
0110000001010000
