1011111011001011
1011111011011001
1011111001110101
1011101111011100
1011111011100110
0111101111001110
1110110101101110
1110101101101110
1010111111010101
1111100110101011
1111101011100101
1101101100011111
1111101010011110
1101101110101101
1101111001111001
1011101101101101
1110110101011011
1101011110110011
0101111110101101
1101101101110110
0111110101001111
1111100101110110
0111101110111100
0011111101111010
1100111101011110
1011101110100111
0101111111001101
1101011111001110
1011110101110110
1101111001011101
1101101101110101
1111001111101100
1101111010110101
1101011101110101
1101111011001101
1111100111001101
1101110110110011
1101111001101101
1110011110011110
1110110101110110
1011101111001011
1011101111110010
1101101111001101
1011110110110110
0101111111100011
1110110111010110
1101011111101010
1101110101101011
1011111011001110
0110111111100101
1110111010110101
1101101101101101
1101110110101011
1101111010110101
1101110101101011
1111011010110110
1111101011010101
1110011101111010
1011011111110100
1110101111010011
1101011101010111
1101101110110011
1011101101110101
1110110110011110
1110111011010011
1101101101110101
1111010111110010
0011111101110011
1111010101101110
1101011101011110
1101111010111001
1101110101111001
1110011110011101
1011110101010111
1011110101110011
1101110111011010
1100111101110110
1110101111110001
1011111001101101
0011111110101101
1101011101101011
0110111110101101
1100111111110001
1011101101110110
1101110111100011
1111011010110011
0111101101101011
1101111001111001
0110111111010011
1001111101101101
1101101110100111
1101111001101101
0101111110101101
1011110111100011
1011110111100101
0111110110011101
1110011101111010
1110111001011101
0110111101010111
1010111111101001
0111110110110011
1101101101101101
1101111001110101
1110011101111100
1101101101110101
1010111111010011
0111110111110010
1011110111001011
1011101101100111
1111001101110101
1111001111011100
1101101101110101
1110011110101101
1011101111110010
1101011100111101
1101101110010111
1101011110111100
1101011101110011
1101011110011101
1111011011100011
1110101110110110
1101011111110001
