0110110110110110
0101110111010101
1001101111101100
1101011010111100
0110011110011110
1011001101101101
1110011010011101
1011101001100111
0110111011011001
1101101001110101
0101111010111100
1001011101101110
1101100100011111
1110010111001011
1110011011100011
1101010101101011
0101111011011001
1100011110101110
1010101101111010
0111011010101101
1001011101101011
1110100101011011
1110100111010110
1010101101011101
0110011110110011
1001111001101011
0110101111100101
1001110111000111
0110101111001110
0111001111100011
1110011010101011
1001101101110110
0111011010011101
1100111011001101
1010101101110011
0011110101110101
1010110101011011
1011001101010111
1011010111010110
1011010101001111
0111010111111000
1110010101111010
1100110110101110
0111110011011010
1110010111011010
0110011110011110
1011100101101110
1011010111100011
0110011110101110
1100110110011011
1011101010111010
1111010011001011
0110111011110100
1010111011010101
1011101001101101
0101101110110110
1100101110011110
1011001100111101
1010101111100101
1101110001101110
1111000100111011
1100111010011101
1011001111001011
0110101110011011
1011100101101110
0101101111010101
1011110001111010
1101101001110101
0110111010011101
1110010101101011
0110110111011010
1010110101110011
1011100111101001
0111001111110001
1010111011011001
0011111011010011
1010110100111011
1010011101011011
1010111001011011
0110101110110110
1110101010100111
1010111011011001
1001110101101110
0101101101110011
1010110101011011
1110011011011010
1101100110111010
1110010110011110
1100110101110101
1100101101110110
1010101111010101
0111100111010110
0110101101010111
1011101001011101
0011110111011001
0011110101111001
1100011111001101
0101101110101110
1010011101111010
1110011010101101
0110011101101101
0110110110011110
0101110110110110
0111011010101101
1100111010011101
0111011010111100
1101100101110101
0111100111001110
1010110111010011
1011110010111010
1100101111010110
0101101110111100
1101100111100110
0101110110100111
1100011111001101
0011110101011110
0101111010110011
1011001101101110
1011011010111001
0111001110101101
1111100011011010
0110110110001111
1100111001110011
1101100101101110
0111010101101011
1110100101110110
0111100111001011
1110011010011011
1110101010010111
1011001101101101
1101010110110101
0110110110110101
1001101101110101
0101101100101111
1001110111110001
1011100111110010
0111011011010011
