1101011010100111
1111100011010110
1011010110011011
0011101110111010
1010101111001110
1101100101110110
1010110111110010
1001110110101101
1110110011010011
1001101111100011
1101010101010111
1010110111010011
1011001101111010
0011011110001111
0110011111001011
1101001111100101
1010110101011110
1001110101100111
1101100101101101
0110011111110001
1101011001111001
1101101011000111
1001110110111100
1101001111100101
1110001111010101
1111000110011011
1010101111110100
1001110110110101
1100110111101100
1001101110110110
1110010111010011
1010111011010011
0111100111101010
1101011011001011
0011110111001011
1010110101011011
1101100101010111
1001101101111001
0110110111001011
0110101101110110
1011100111100101
1100111001110101
1010101110010111
1011101010001111
1001111011001101
1010110111001110
0111001111010101
0110011111010011
1111100001110011
1101101010011110
0111100101111100
1110101001101011
0111100111100110
1101101011100011
1011100111100110
1111000111011001
1110100111010011
1001110111101100
1011001111000111
0110101110001111
1010111011010011
0111101001100111
0110011110110011
1101100111010110
0101011111101001
1100110110101101
1010101110110101
1011001111011001
1111000101011011
1101101010110101
1100101111010101
0100111101101101
1101001101011101
1110101001110101
1100101101111010
1001110100110111
1010110101110011
1001111011001101
1011011011101001
1110100111100110
1101101010111001
1111010010101011
1010101101110110
1010101111010110
1010110110110110
1101110011000111
1011001101111010
0110110111101001
0110101111110010
1011101011001011
0101011111101100
1100011110011011
1011100111110001
1011001111101001
1101001111010101
1111100010101110
0110111011010101
1111001011101010
1101100101110011
1110011011110001
0111100110101101
0101110111001011
1111001011000111
1011101001110011
1010101101011101
0111001110101101
1011101001110011
1001110110110011
