10100101
10100110
01011010
10011001
01101001
01011010
10011010
01011010
10010110
10010110
01101001
01011010
01011010
11001001
01101001
01011001
01101001
01101001
11000101
01100110
11000101
10011010
01011010
01101001
01100011
10010101
01011010
01100101
10100110
01101010
10011010
01011001
01101001
00111010
10011010
01011010
01010110
10100110
10010110
11000101
01011001
10010110
01010101
10010101
10101010
10011010
01101001
10010110
10011001
01101010
01101001
01101001
10100110
01011010
10100101
01100101
01010110
10101010
01101001
10100101
01011001
01011100
01011010
10101100
10100101
01101001
01101001
01011010
01101001
01101010
11000011
00111100
01101100
01010011
01011010
10101001
01010101
11000101
10100101
01101010
01101100
01101010
01101010
01100110
10100101
01011001
10101001
01100011
01101001
10011010
10100110
01101001
01011010
10010110
00111001
01010110
10100101
10101001
01010011
01011001
01011001
10010110
01101010
01011010
01100101
01011010
01011010
01101001
10010110
01010110
10100110
01101001
10101001
11001100
01101010
01101001
10100110
01101001
01011010
10010110
10011010
01101010
10100110
10101010
01101001
01101001
01101001
01101100
10100101
10011010
01011001
01011010
01101001
10101001
10010110
01011001
01011001
10101010
01101010
10100101
01101010
01011010
10100101
01101001
01101010
01101001
01101001
01100101
01011010
01100101
10101001
01101100
10100101
01101001
01101001
01010110
01011010
01101001
01101001
01010101
10010110
01101001
01011010
01101001
10010110
01101001
01010110
10101010
01010101
01101001
11000101
10010110
11000101
01100101
01101001
01011010
10100101
10101010
01011100
10101010
01011010
10100011
01101001
10010101
01101001
01011001
01010110
10101001
10101001
10100101
01101001
01010110
01010110
01011001
01101001
01011001
10101010
10100110
01011001
10011001
10011010
01011010
01011010
10100011
10010110
01011010
01011010
10101010
10010101
01011010
01010101
10100101
01101010
01101001
01101001
10101001
00111100
01011001
11000011
01101100
01101010
01010110
01101001
01101001
01011010
10010110
01011100
01101010
01011010
01101010
01101010
01011010
10011001
01011010
10011100
01101001
01101100
01011100
01100101
10101001
10100101
10011010
01100101
01011010
01101001
01011001
01010110
01101010
01011001
10010110
01010110
10010101
01100101
01101001
01011010
01011010
01101001
01101010
01011001
11000101
01100011
10100101
01100101
01101001
10010110
10101001
10011010
10100101
10100110
01101001
01010110
10011010
01010110
01011001
10010110
01100110
10100110
10010110
01011001
10101001
01101001
10011001
01011010
11001001
01010101
01011100
11000110
10101001
10100110
01101100
10010110
01011010
01011010
01010110
01011010
01101001
10100110
01101001
01101001
01011001
01011001
10011010
01101010
10100101
01100101
01011010
10010110
01011010
01101001
10100110
01010110
01100110
10011010
10011010
10011010
10010110
01011010
11000101
01011010
01100110
01101001
01101001
01011100
01011100
10011010
10100101
01010110
01010101
11000110
01101010
01011010
01011010
01100101
10011010
01101010
01011010
01010101
11000110
01011010
01100101
10011010
01101010
01101010
10101010
01010110
01101001
01101001
01101001
01101001
10101001
10010011
10010101
01011100
01100101
10100110
01011010
10010101
11000011
10011001
10010110
01011010
01101001
10101010
11000110
10100101
01101010
10101010
01011001
01011010
01100101
01101001
10100110
10101001
10100110
01011010
01011001
10101001
10010110
01010110
01101001
01100011
01100101
11000110
10011010
01100110
01010101
01100011
10101010
10100110
01011010
01101001
01100101
01011010
10100110
01101001
01101001
01100101
01010101
10010110
10100101
10011010
01100110
01011001
01101001
01011001
01101010
01101001
10101100
10010110
01100101
10101001
10100011
10010110
10100101
01011010
11000110
10101001
10100101
01010101
01011001
01101001
10011010
11000101
10011010
10100101
01101001
01100101
01101001
01100101
01011010
01011010
11000110
01101001
10101010
10100110
10100110
10010011
01010101
01101001
11001001
01010110
01010101
01100110
01010110
10100101
01011001
01101010
01101001
11000101
01101001
01010101
01100110
01010101
10100110
11000101
01011001
10011010
01101001
10100101
01101001
01101001
01010110
01101001
10011010
01101001
01011010
01100011
01010101
10011100
01100110
10010110
01101100
01101100
11000110
11000101
10010101
01101010
10010101
10010101
11000101
01011001
01100110
01100101
10100101
10010110
01101010
01100110
01100110
01010101
01010101
01101001
01011010
01100101
01101001
01101001
01101001
10100101
10011010
01101010
01101010
01101001
00111010
11000011
10011010
10010101
01011010
01011010
01101010
01100110
10100101
01011010
01101100
01101001
01011100
01101010
01101010
01101010
11001001
10101001
00111001
01011010
10010110
01101001
01011001
10011010
10010110
01100110
01101001
01011010
