1100011101101100
1101010101011010
0111110010011010
1010101101010110
0111010110011010
1001011101110010
1110100110001011
1011100111100010
0101111001010110
1100111010100101
1011101001010110
1101010111001010
1010110100010111
0110110110011100
1110001111000110
1010110101101010
0110101110100110
1110010101101010
0101110101010110
1110010101011100
1110100101100011
1010110101011010
0011101110101010
1000111101111000
1100011110101001
0110011111001001
1101100110110010
1001101101010110
1111100001100110
1010101101110001
1011001101110100
1101011010101010
1101101001110001
1100110111000110
0111010110101010
0111011010001101
1001101100110110
1001110101100110
1001110101100011
1011101010110001
0111100111000101
1011110001001011
1011110001000111
0110101111000101
0111010111001001
1100110111001010
1011101001011100
0110101111010010
1001110101100110
1001101101100110
0111101010011010
0011110111100010
1101010110110100
1100101101111000
0100111110100110
1011011001110001
1010101110100110
1010110101100110
1011011001100011
1010110111000110
1010111001010011
0111011010101001
0110101110100110
1101101010101010
0100111101110010
1110101011001001
1011001101010011
0110011110101010
1111100000110011
0111100111000110
1011101001101001
0110101100110110
0011110111100010
1100111011011000
1100011101001110
0111001111000110
1011001101110010
1011100111000110
1010110101010110
1010111001101001
1010110100110110
1001011101101001
1010101101001110
1010101101001110
0110101110010110
0010111101011010
0110101110010110
1011100100100111
0111001111000101
0011111010010101
0101011110001110
1011011011100001
0110101101110100
1100110101100110
1100101101101010
1011100101100011
1001101101100110
0110110110001110
1010101110100101
1010110101010011
1001101110000111
0111010111100100
0111010111001010
1010101101101010
1010110110011010
0110111010100101
0011110111101000
0111010101101010
1100110100100111
1101110001100011
1110100101011010
0111100110011010
0110111010011001
1101010110100101
1011100101101100
1101011001101001
1011101000110101
1100101100110110
1100101110011100
0110101110011010
0111100111100010
0111010101111000
0011101110101010
1110101001010011
1001111001100101
1011100101010011
1001111001010101
1110001111001010
1011110001100011
1100101111010010
0110110111001100
1010110111010010
1001101110011010
1011100101100011
0110110110011010
1110100110001110
1010111000010111
1001011111001010
0110101110110010
1101101001100101
0011110110010110
1101011010101001
1010110101100110
0101110101111000
0111101010101001
1010111001011100
1000111101110010
0111011010110010
0101011110100110
0110011110011100
0110111011010010
0101110110110010
0111010111001010
1100101101100101
1001111001100110
0101101100111001
0110101101011001
1010101101010101
1110100100110110
1100111001110001
0110110110010011
0111001101100110
0011011101010110
0101011111000011
0111001110011100
