1111011111110101
1111110111101110
1111110111011011
1101111111011011
1101111111101011
0111111111101011
1111110111101110
1110111110111011
1111011110111011
1111011101111110
1111101111100111
1101111110110111
1110111111111100
1111011111001111
0111111101111110
1111101110111011
1101111110111011
1111101101110111
1110111110110111
1101111111101011
1110111111101101
1111110111110101
1110111111011011
1110111111111001
1101111111101011
1110111110111101
1111110110111011
1101111101110111
1101111111100111
0111111110111101
1101111101111011
1111011111111010
1111011110111110
1110111101111011
1101111101111011
1111101110111110
1011111111111001
1111011111011101
1101111111101101
1111110101111110
1111011111101101
1111110111101110
1111011101110111
1111110111101011
1110111101101111
1110111111101110
1110111111011011
1011111111111010
1101111111110011
1111011101111110
1110111111110011
1111110111001111
1111011101111011
1111011111110110
1110111101110111
1011111111111100
1110111101110111
1110111101111011
1101111111011011
1111011111111001
1101111110111011
1111110111101101
1111101110011111
1110111110111101
1110111110111110
1110111110111101
1101111110111011
1111011111110011
1111110111010111
1111110101111110
1111011111101110
1101111101110111
1101111111101011
0111111110111011
1111011110111011
1111101101011111
1011111110011111
1111110111111010
1110111111110101
1111011110111101
1101111111110011
1111111010111101
1111110111110011
1111110111011110
1111110101011111
1111101110110111
1111011111011101
1111101111101101
1110111111111010
1111110111010111
1101111111101011
1111110101111011
1111101110110111
1101111101110111
1110111101101111
1111110101110111
1111101110110111
1101111111110101
1110111111011011
1111011111101110
1101111111101101
1101111101111011
1111110101111011
1111101101111011
1101111111100111
1101111111110011
1111101110101111
1111011110111101
1111011110111011
1110111101101111
1110111110111110
1110111111011011
1011111110111011
1111011101111101
1101111111011011
1111011101111110
1101111111110110
1101111101111011
1110111101111011
1011111111110101
1111101110011111
1111110111100111
1110111101111110
1111110111110011
1111101111100111
1111110111111001
1111101111010111
1111101111110011
1101111111010111
1111111001011111
1111110111011101
1011111101111101
1110111111011011
1111011111111100
1011111111011110
