1100100001100001
1100001001100010
0100100100100110
0110001001010100
0011000101000110
1000100101001001
1000110000100110
0010001101010001
1001000101001010
0010100111010000
1010100001100010
0100100110100100
0110010010011000
0010010101001010
1100001010100010
1101000001001001
0100011010000011
1110000000110001
0100100101100010
0100101011000100
0011001000100110
1000100101100010
0101000100110010
0000101101001010
0011001000100101
1010001000110001
1010001001100001
1000100110011000
0010100110010010
0101001000010110
0100001110100010
0001011001100001
1001001001000011
1000110000011010
1000101000101001
0100010100101010
1001001001101000
0001110001000110
1000011000101010
1010010001101000
0011100010001010
0101000110100001
1000101000101100
0010100101000110
0010101001010001
0101100000101010
0111000000101010
0001010101000110
0100101010010010
1000100101010010
0011100011000010
1000010100101010
0110010000010101
1001001010010001
1100001010100100
0010101001011000
0100101011100000
1000010101001010
1000010101001010
0010110010010100
0001100100110010
0100011010001001
0011001001000101
0100001101001001
1000011001001100
1001001001110000
1100100000110100
0010100100110010
0100010110001010
1001001000100101
0101100011100000
1000101001010001
0110000101100001
0101010000100110
0110000111000100
0010101001010100
1000101001000101
0100101001010001
1010100001010010
1000101001100001
0011000110001010
0100100111100000
0101010000101010
1000010101001010
0101001000110001
1000101001000101
1101000001001001
0010001101010001
1110000010100100
0110010011100000
0010100111000010
0101001001010001
0010100111000100
1001001001100010
0011010001010010
1100001001001100
1000010101011000
1000011000101001
1001000101100100
1000110001010001
1000010101001010
0110100001101000
0110001001010100
0101100010100100
1001100001110000
0100010100011010
0101010000101010
0111000010100010
0101000100100110
0110100001010010
0101100010000011
0100010101000110
0011100001001100
0101001010011000
1000100101001100
0101000100110010
0100011000100011
1010001000111000
0010110010010010
0100110010000101
1000011001100010
0101001011010000
0010101011000100
1010100001010010
0100011000011001
0010101010010100
1001010001000011
0101000110100010
0010010100110010
0010101000110001
0100110010001001
0011001001100100
0010101000001101
0010100110010010
0100110010100010
0001001101001010
1010010001001001
1000101001100100
1001001001010100
0110001000110001
0011000101100010
1001100001010010
1000010101001010
0110001010110000
0010101001010100
1000100100110010
0101100000101100
1000100101100010
0101001011000100
1000110001100100
1000011001010010
0011000110000110
0010010110011000
1000010101001010
1100001001010001
0011001001000011
0011000110001010
0101010000101010
0110100001110000
0010010100001110
0100010110010010
0010010110001010
1000100101010010
0001011010001010
0101000111000010
0001100100110010
0010001101010001
0011000110100010
1000101001011000
0101100001010001
0100010110001010
0100101001100001
0000011101010001
