0010010000010100
1100000001000100
0101000000000110
1001000000010001
0010010000011000
1000000100100100
0100000101001000
1010000001001000
0010010000011000
0110000001000010
0010001000010001
0101000000100100
0000010101001000
1000010000001010
0100100000110000
1000010001001000
0001001000100001
0010001001010000
0100000100100010
0001010001100000
0010001000010001
1000000101010000
0011000010001000
0100001000010001
0010100000110000
1000001001010000
0010100000010010
0100001001001000
0100010000101000
0010010000011000
0001100000100010
0010010001000100
0010001010010000
0001001000101000
0001001001000010
0100010000011000
0100000100101000
0100001000101000
0010010010000001
0100100010001000
0100001001000010
0010100010000010
1001000000100001
0110000000001100
0001001000000110
1001000000100100
1000010000100001
1000100001001000
0000010101000100
0110000000000110
1001000000100100
0010001000001001
1001000001100000
0100001000100001
0010000101001000
0101000000100001
0000010101001000
0000001101000100
1010000001000010
0110000000001100
0000001100100100
0010100000010100
1001000000001100
0010000110000010
0001000100100010
0100100001000100
1010000000110000
0010000101000010
1000010001000010
0001010000100010
0010001000001100
0010100010000010
0000100100001010
1100000000010001
1000001000001001
0011000000100100
1000001001100000
0001001000100100
0010010001010000
0011000001000010
0001100001000100
0100010010001000
0001010000100010
0001010000100001
0000110000010001
1000010000001100
0010001000011000
0010000101001000
0100010010001000
0100001000010001
0000110000010001
0100001000010100
0110000000100010
0100100010001000
1000100000001001
0000100101100000
0100100000011000
1000100001001000
0100100000100010
0100100000101000
0000101000010100
0100010001000010
0010001000100100
0001001000100001
0010100001000100
1000100000010010
0010010010001000
1000100001100000
0100000101000010
0010001001000100
0001000100100010
1010000001010000
1010000000100100
0010100000010010
0000010101001000
1000000100100010
1000001001010000
0010100001100000
1000000101001000
0010000100010010
1010000010000100
0010001001000100
0010100001001000
0101000001100000
0010001010000100
0000110011000000
0100001001000001
1000010000010010
0001010010100000
1000001001010000
0110000010100000
0100100010000001
0001001001001000
0000011000101000
0010001001001000
0101000000100100
0000011001001000
0001010000101000
0010100001010000
1100000000010001
0010000101000100
0000101001000100
0000011001001000
0000110001100000
0001100011000000
1000100000001001
0100001010001000
0010001001000001
0100010000100010
0100100000100010
0000010101100000
0001100000110000
1000010000101000
0001001000100100
