0100000100100010
0010100000010001
1000001000011000
0100000111000000
0000001100101000
0100010000010010
0100001001001000
0100000101000010
0010000101000100
1000100001100000
0101000001001000
0001001000100100
0001000101000010
0001100000000101
0000010110000010
1000100000100100
0001000101001000
1000100001000001
0100010000001001
0100010000101000
0100100010001000
0001000101000100
0110000001001000
0010000101000100
0010100000110000
0000101000100010
0010100000101000
0000101010000010
1000100000011000
1000100000011000
0001000111000000
1000010001000100
1000001001000010
1000001010000010
1000001001000001
0100000110000010
1000100001001000
1000010001010000
1000000100010100
0010001010001000
0010000100101000
0001000100001001
1000010000000011
0001001010000001
0001100000100010
0001001000101000
0100001010000100
0110000010001000
0101000000010100
1000100000010010
1000001001000010
1000001000000101
0001010010000010
1000100001100000
0010100001000010
0001001001000001
0100100010000010
0100100000010100
0100000110000001
1000000100000110
0100001000110000
1001000000100100
0010010000010001
1000001000010001
1000100000100001
0001001000100100
0000101001000100
0001100000100100
1010000000001010
0010100001000100
0100100000011000
0100000110000001
0000100100101000
0010001000010010
1000100000010010
0001010000101000
1000100000001001
0010010001000010
0100100000100001
0010000110010000
0100000100100001
0000010101000010
1001000001000001
1000100001001000
1000001010000100
0010001010010000
0010010010000010
0100001000000101
0101000010000100
0100000100010010
1000100001000010
0100000110000001
0001010001001000
0100010000011000
1000001000100010
1000001010001000
0010100000011000
0010000100010010
0001000101000010
0100001001000001
1000000101100000
1000001000011000
0010010000001100
0010001001000001
0001100000000110
0100000100010010
1000010001000001
0001100001000100
0100001000010001
0100100000100001
1001000001001000
0100000100011000
1000001000100001
0100000100010010
0101000000100100
0100001010000100
1000001000100001
0010001001000010
0010100010100000
1010000010000010
0100000100100010
0101000010000010
0100001010000010
1000000100001001
0100010010001000
1000001000100001
0001010000100010
0010001010000010
1000001001000001
0010100001001000
1000001000010001
0010100010000001
0010001001100000
0100001010000100
1000010000100100
1000001001001000
0010100001000100
0100100001000100
1100000010000010
0010100000010100
1000001000100010
1000100010000001
0100000110000010
0010000100010010
0000101001010000
0001000100110000
1001000000100010
0100001000010100
0100100010001000
0000010100100010
1000001000101000
1001000000011000
1000100001000100
1000000100000110
1000001001001000
0000101010001000
0010100001001000
1010000000110000
0100100000010001
0010100000100001
0100000110000100
1100000001000010
0010000110001000
1000001001001000
1000010000011000
0100000101000010
0010100000010010
0101000000011000
0010000100011000
0100010001001000
0100100010001000
0100001000100001
0001001001000100
0101000000100100
0100000100001010
0010100010000010
0001010001000010
0100000100001010
0001000100100010
1000100001000010
1100000001001000
0100000100100100
0010001000100010
0001001001000001
1000000101000010
1000001000100100
0100000100010100
1000100001000100
0010100011000000
0100001010010000
0100010000010010
0010001001001000
0010100000010010
0000011000001010
0000101000011000
1010000001000001
0010010000011000
0100001000010001
0100010000100010
0001001000100100
1001000010000001
0001000100000011
1000010001010000
0010010000010010
1000000101001000
0101000010000100
0000010101001000
0110000000101000
0010000100011000
0000001100101000
1000100000010001
1000001010000010
1000010000100100
0010000100011000
1000001000101000
0010010000010100
0010010010001000
0010000101001000
1000100001100000
0010000100010010
0100100001001000
0001001000100010
1000100000100001
0100100010001000
