1011111111010111
1110111111011011
1110111110110111
1111011110111011
1111011101111110
1110111101111011
1111011111110011
1101111100111111
1011111101111011
1101111111101011
1111011101111110
1110111111111100
1011111111100111
1111110111110101
1110111111111010
1110111101110111
1110111101111011
1011111111011110
1111101110111011
1111011110111011
0111111101111101
1111101110111110
1111011111010111
1111110111110011
1111011111001111
1101111111110011
1111101111100111
1110111101111011
1101111111110110
1111101111010111
1111101111011011
1111011111110011
1111110110110111
1011111111011011
1011111111111001
1111011111101011
1101111111101011
1101111101111101
1011111111011101
1111101111101011
1101111111010111
1110111111111001
1110111110111011
1111110111011101
1111011111101101
1111110101011111
1111101110011111
0111111111100111
1111111011110101
1111011111011011
1101111110110111
1110111111011011
1110111111011011
1111110111101110
1101111111100111
1011111110111011
1110111110111101
1101111110111101
1110111111010111
1111101111001111
1110111110101111
1111110111011101
1111101111010111
1111110101101111
1111011110111110
1011111101110111
1111101110110111
1111101111111010
0111111110111101
1111111001110111
1101111101111011
1110111111011011
0111111111011101
1110111101111011
1111101110101111
1111011111111010
1111011110111110
1110111111010111
1110111111110110
1101111111101011
1111011111100111
1111101111110101
1110111101111101
1011111111100111
1111110101111110
1110111101101111
1111110101011111
1110111101110111
1110111111101011
1011111101110111
1011111101111101
1101111111101011
1011111110111101
1111011111111001
1110111101111011
1111011101111011
1111110101011111
1111011111100111
1111111010111101
1111011101111101
1101111101110111
1111111001111101
1101111110111101
1111011111011011
1101111111100111
1111011110111011
1111011111011011
1111111010110111
1011111111100111
1111101111010111
1101111111111010
1101111110111110
1110111111011011
1111011110111011
1111101111010111
1111110110111011
1101111111110011
1011111101111101
1111011101101111
1110111111011011
1111110111110011
1111011111101101
1011111111110110
1111111011101011
1111011111011110
1101111110101111
1111011111011101
1101111111110101
1110111111110011
1111011111001111
1111011111110011
1111101110111101
