0010100001000010
0000110001001000
0100100001100000
0100001000000101
1001000000000101
1000001001000001
0100100010001000
1000001001000010
0010001000101000
1000100000100010
0001010001001000
1000001000010001
1000001000100100
1000001000011000
0100001001000001
0001010000001010
0000110000001100
1010000001001000
0100100000001100
0100001000010001
0000101000000110
0010000100000101
1010000001001000
1000010001001000
0001001000100100
1000000101001000
0100000100001010
0001000101100000
0010000100010010
1100000000100001
0101000000101000
1001000000100100
0010100000010001
0100001010000100
0010001000000011
0011000010000100
0000010101001000
0010001001000100
0010001001001000
0000101010000100
0100001000101000
0100100001001000
0100100010001000
0000011011000000
0001000110000100
0000010100101000
0000110000010010
0010001001000001
0000011000100100
1000000101001000
1000001000010010
0100010001100000
0011000000010010
0011000000010100
0100100000100001
0010100010100000
1000001001010000
0000011010000100
0001000101001000
1001000000000110
0000001101000100
0001100000100010
0100001010100000
0001010001000001
0010100000100010
0000001101010000
1000100001000001
0100001000000101
1010000001001000
0000011000100001
0100100000100010
0010000101000010
1001000000011000
0001000100101000
0101000000100001
0100100001000001
1001000001000010
0100001010000001
1000100000100001
0000110000100001
1000100001000100
0010100000011000
0001100001000010
0010000100010010
0001100000000110
0000010101000001
1000100010100000
1000010000011000
0100100010001000
1000001010000100
0100001010010000
0100001001000001
1000001010010000
1010000001100000
0010001010000100
0001001010000001
0100010010000001
0100100010000010
1000000101000010
0001100000100100
0100001010000001
0110000010000100
0010001001000100
0010001000010001
0100001000011000
1000000100101000
0000100100100010
0001001010010000
1000001010001000
1000001010000100
1000010001001000
1000100000001001
0000001101000001
1000010000011000
0001010010001000
0001010001001000
0010100001000001
1000100001001000
0010100001001000
1000001000011000
0010001001000100
1000001000100001
1000000100010001
0100000100001001
1010000010000100
0110000010000001
0010001001000100
0001001010000100
0100001000101000
0000101001000001
0101000010000001
0100010001001000
0000011001100000
0100100010000001
1000100000011000
1010000010001000
1000100000010100
1000001000001100
1000100001000010
0000101000101000
1000100001000001
0010100001000001
0000010100010010
0010001000010100
1000001001100000
0001010010000010
0100100001000010
1000100000011000
0010000101000001
0100001000010001
0000001100010001
0100000110000001
0000110001001000
0100010001001000
0100010000100010
0010100001001000
0101000000010010
0010100001000010
0100000110000010
1000000100100100
1000100000110000
0010001000010100
0100100000100001
0100001010001000
1000001001001000
0010100001000001
1000010000010001
0101000000000110
0100001000100100
0010100000001100
0010010010000001
0010001000010010
0000101010000001
1000100000010001
0001100000101000
0100100010000010
0010000100010010
0100100000010010
0100010000010010
0000011010000100
0001001001001000
1000000101000010
1000010001001000
1000010001000010
0101000000010001
0100001000100001
0010100000001001
0110000000100100
0001000101001000
0001000100010100
0010001001000010
1000000100010010
0000110000011000
0010001001100000
0100100000010010
0001100001000100
0100001010000001
0101000000100001
0010001000010100
0100001000100010
1001000000000011
1000010001001000
0001100000010001
0100001010000001
0010001001000100
1000001001001000
1000000101000001
0001001000101000
0011000000010010
0001001010000010
0100100010000001
0000100101000010
0010010010001000
1001000000000011
0100000100100010
0101000010000001
1000000100011000
1000000100011000
1000010000011000
1000010001000010
1000001000011000
0001010010001000
0000110001000100
0001001001001000
0100000110010000
