1011101111011101
1011110111011011
1011011101110111
1101110111101101
0111101110110111
1011110111110011
0110111111010111
0111101110101111
1101011110111110
1100111111101110
1111110001110111
1100111101111110
1110110110110111
0111011110110111
1011011111011011
1011011111101011
1101011101111011
1111001101101111
1011101111010111
0111011110111101
1110101111001111
1101101111101101
1101110111101011
1111001111011011
1110101111111100
1101110101111110
1011110111011110
1101110111010111
1100111110110111
0110111101110111
1101111011101011
1101110111010111
1110011101111011
1110101110111110
1101101101101111
1111100111010111
1101101101110111
1011101111011011
1101101111101011
1110011111101101
0111011111111001
1101111011101110
0110111110111011
1111010101111011
1101110111101110
1101011111011011
1011110111010111
1110110111101110
0011111111110011
1101111001110111
1111100101111011
0111011110111110
1010111111110101
1110110111011110
1110101111011011
1110101111010111
1110110111110011
1001111111101110
1101110111011110
1101011111101011
1011110111010111
1101011111111001
0111110101111011
1101101111101110
1011111011100111
1011110110101111
1101101101111101
1110110101111101
1101101101111101
1110011110111110
1101011110111011
1111001111100111
1101011101101111
1111100101101111
1101101111110101
1101101101111101
1101110111110011
1011110111101011
0111110111110110
1100111111110101
1110110101111110
1101011111101011
1101110101111011
1111110001101111
1111100111101011
1101011110111110
1010111110011111
0111110111111010
1110011111111010
1100111110110111
1101101111101110
1101101110110111
1111110011101110
0111110110111011
1011111011101101
1111001111011110
1010111111011101
1101101110110111
1011011111011101
0111110101111110
1101011111101011
1101110110111110
1111101011100111
1111110011011101
1111011011101101
1100111111011110
1011110110110111
1011110110110111
1101011111101011
1011101110101111
1101111011100111
1111011011101101
1101111010111101
1110011111101011
1111010111011011
1101011111111010
0111101111001111
1101111010111011
1101110111101011
1100111110111011
1101110110111011
1101110101111011
1110110111001111
1011101111011101
1111100110111110
1110011110111101
1101110110111110
1011110101110111
1011011111011101
