1100111111001111
1101011110101111
1110111011011101
1101110111111010
1011110101111101
0111011101111101
1111001111011101
1110101101110111
1101101101110111
1111010101111110
0111110101111011
1101110101111011
1011011101111110
1101101111010111
1101101111111100
1011110101110111
1111100111111001
0111101111110011
1110101101111110
1101101111111010
1011101110011111
1010111111011011
1110111011010111
1110111010011111
1110101111110011
1101011111110011
1011011110111101
1011101101111101
1011101101110111
0110111111111001
1101101110111101
1111001111110110
1111100111010111
1101110111110011
1101110111110011
0101111111101101
1110110101110111
1111110001111011
1110110111011101
1100111111011011
1101101111010111
1110110110111101
1100111101110111
1101101111101101
0111110111011011
0110111111100111
0111110110110111
0111101111010111
1101011101111011
1101110111101011
1111100101111011
1101111011001111
1101011111101110
1101101110101111
1111001111011110
1101101110101111
1111100111010111
1011011110111011
1101011101011111
0111110110111011
1101101101110111
1101101111100111
1011111011011011
1101110110111110
1100111111011101
0111101101110111
1101111011111010
1101110111111010
1101101111101011
1110011101110111
1110101101110111
1011110110110111
1110101101011111
1111010111011110
0111011111100111
1111100111011101
1011110111011011
1100111111101110
0101111111101110
1110101101110111
1011110101111011
1011110101101111
1101011111101101
1110101111110011
1011101101110111
1110111001111011
1101011101111101
1011101111001111
0111011111010111
1101101101110111
0111101111110011
1011101111010111
1110101111010111
1011011111011101
1111010101110111
1100111111011011
1101101111100111
1101011101111101
1111011011101011
1110110111010111
1101101110110111
1101101111110101
1101011101111110
1011110111110011
1101101101111011
1101110110111110
1101101111010111
0111101110110111
1101011110101111
1101110111011011
1111010111101110
1011011111101011
1101011111111100
1011011101111101
1111100111010111
1101111010111011
