0011000101100000
0100100100110000
0101100010000001
0001010101001000
0010010101000010
0101100000100010
0100100100010100
1110000001000010
0100101011000000
1000110000010100
1001100000100100
0010100101000100
1000100100100001
0010010100010010
1000101001100000
0100001100010010
0001110010000010
0010010101000010
0101001000100100
0100110000001010
0101001000100100
0010101001010000
0100010100001010
0001101000100100
0100110000010100
1000100100100100
0100100100010100
1010001001000001
1000101000000011
1000011011000000
1000100101000010
1000110000100010
0100011001010000
0100101000010010
0110100010010000
1000001101001000
0101001001000100
0100101000100100
0100010100100010
0001101010000001
1001000101000100
0101000100110000
1010001000010001
1000110000100010
1000100100010010
1000100101000010
0100011000010100
0000101100100100
0010101001010000
0011100001000100
1000011001010000
1000110001010000
1001001001000100
1001100001000100
0101001010000001
0101100000100100
0101100010100000
0010100101100000
1000100101000001
0101000100010010
1000010100101000
0100010100101000
0101010000100001
0101000101000010
0110100001000010
0110000100010010
0110001000110000
1100000100001100
0101001000110000
0110100000100100
0010001100100100
1100000100100100
1000110000101000
0100110000100010
1001001000101000
1001010001001000
1000101001000001
1000100101000100
0010001100010010
1010010001001000
0010011001001000
0100001101000010
0100101000010100
0101100000100010
1001010001000010
0110000110000010
0100001100110000
1000011000100001
0101000100100010
1001001000100100
1010001001000001
1000101000101000
0010010101001000
0100100110000010
0010100100000110
1000110001000010
0010101000010100
0100110000011000
0101100010100000
0110100000000110
0100101000010100
0110001000100010
0100101000001001
1001001001000010
1011000001001000
0011100001000001
0110010001001000
0101001010000100
0101000100100100
1100000101000010
1000100100000110
0101100000100100
1000011001001000
0010110010100000
0100100100110000
0101000100100010
1000010101000100
1000010111000000
0011010001001000
1000010101001000
0000111001000001
0001011000101000
1001100000001010
0010010101001000
1000101000010100
0011100001000010
0010001110000001
0001100101000010
0011001000010001
0100100100010001
0010100111000000
0010100100001010
1001010000100100
1010001000100001
1000101001000001
0000111000101000
0110000100010100
0101001000100010
1000110000010001
0100101000100100
0001110001000010
0100100101000010
0101000110000010
0101100000100100
0100101000010100
0010001101000001
1100001000000110
0100011001000001
0010101011000000
1000101001010000
0100010110000010
1001000100100100
0100100100100100
0110001001000100
0100110000100100
0010100101010000
0110000101000010
0101000100001100
0100001101100000
0110100000010001
0101000101100000
0100001100100100
0101000100001100
0101010000101000
0100100110000100
0011001001001000
0011100001100000
0010110001000100
1000001100000101
0101000100101000
1000101001000001
1001001000100001
0100100100010100
0100011010100000
0001100110000100
0111000001000001
1001001001010000
0100101000010001
1000100101000100
1001000101000100
1010100001100000
1000101000010100
1001000101100000
1000101000010100
0010101000110000
