1010010101001010
0011011001010010
0111000101000110
0110010100101010
1010010101011000
0101100110010100
1011100000101001
1100100110001010
0111001010001001
1101001001100010
1010101001010001
0100101110100010
1110000101110000
1000011101001010
1000011101001100
0110010110001010
1001010100101010
1100011001010010
1001101001100100
1000110101010010
0110010110001010
1010010101001010
0101010101000101
1001100100100110
1100011010001001
1010011001001001
1001001100111000
1010010101001010
0100110101001010
0011100100101100
1011100000111000
1111000000100110
0110100100010101
0101001110010001
1010001101100010
1010101001010001
1001100100101010
1001101010101000
0011010101001010
0111010011000001
1010010101001010
1010101001010100
1001010101100010
1000011101000101
1010010101001001
0101011010010001
0011010111001000
0100101110001001
1100001100011010
1000011101010010
1001001100100110
1001101001110000
0100110100111000
0110100110001010
1100011001001001
0110010111000010
1001010100101100
0011101001100001
1011100001001010
0101101001010001
1001100101001001
1001011000101010
1100110001000101
1001011000011001
0010011101001010
1100100100110010
1110001000111000
0110010111000010
1001010101001010
1010110001001010
1010011001001010
1110100001011000
1110010000011001
0101010110010010
1110010001001001
0010101101010001
1001101001100001
1010101001001001
1101100001011000
0001110100101010
0101101001100010
1001100101100010
1010010100011010
1001100100100110
0110101010101000
0110011000001101
1101001000100101
0110110010010010
0110100100010110
0110011011000001
1101000100101010
1101001001000101
0101100110100010
1100100110000110
1011010001100001
1001010101001010
1001100101100010
1011000111000100
1110100001100010
0110011010001001
1011100000011001
0101100110100100
1010010110001010
1010011011001000
0110010111001000
1001101001100001
0110001111000100
1110010001001010
0101100110000110
1000101101010010
1010010101011000
1010010100011010
0101101010101000
0101010111000010
0101011001100001
1001100100110010
0110010101001100
1001001101100100
0011101001001001
1000011101001010
1100110010100010
1010010101010010
1001101001001001
0110101010100100
1001011000001101
0011110010001001
1001100101100010
0010111001001001
1011010001010001
1010101001010001
0011101000011010
1101010010100001
0101101010100001
0111001000101001
0101100110100010
1001010101100010
1010011000001101
0110100110011000
1010011000101010
0110010110001010
1100110001010010
1001011000101001
0111100001000101
0101101010100100
0010110101010010
1101100010010010
1000111001100001
0001110100110010
1001100101010010
0101011010011000
1001010110100010
1001100101100010
1101010001100010
0100111010001001
0101010110001010
