1001000000000001
0010100000010000
0100000100010000
0010001010000000
0001001000000001
0001100010000000
0000101000100000
0010000100001000
0100001001000000
0100001000001000
0010000100000100
0001000101000000
0110000000100000
1000100000100000
1000100000010000
1001000000000100
0000110000000100
0100010000001000
1010000000010000
0000101000100000
0100100000010000
1000001000100000
1001000001000000
0001010000100000
0001100010000000
1000001000000001
0001000100000010
0000010100010000
0010000100010000
0001100000100000
0001010000100000
0001100000001000
1000100000001000
0100001000001000
1000100000001000
0100001000000100
0110000000001000
0010001000010000
0010000100000010
0010001000001000
0010100000000010
1000100000000100
0010000100000010
0000011001000000
1000001001000000
0100000100001000
1000001001000000
1000100000001000
0010000100100000
0100100000010000
0001001000100000
0011000000010000
0100100000100000
1000100000010000
0001010001000000
0100010000010000
0100100000000100
0010001000010000
0100001001000000
0100100000001000
0001000100000100
0100100000100000
1000001000100000
1000100000000100
0100001000001000
0100000100000100
0010001000100000
0000011010000000
0001010001000000
1000000100001000
1000100001000000
0100010000010000
1000000100001000
0100010000001000
0001001000100000
0100001000010000
0010001000010000
1000010000000001
1000010000001000
0010001000010000
0000001100100000
1000000100000100
1000001000100000
1000001000100000
0001100000001000
0100001000000010
0000101000100000
0100001000100000
0001001000000100
0000101000100000
0000101010000000
0100000100000010
1000000100100000
0011000000100000
0001001000000100
0010000100000001
1000100001000000
1000000100010000
1000100000100000
1000001000100000
0000100100100000
0100001000000100
1000100000100000
0011000000001000
0010001000000001
0100000100100000
0000011000000001
0010000100100000
0001010000000010
1000000100100000
0000110000010000
0000101000010000
0000101010000000
0100100001000000
0100100000000010
0001001000100000
0000110000001000
0110000000000010
0101000000000010
0010100001000000
0010001010000000
0000100100000100
0010100000010000
1000001000100000
0010001000000001
0010010000001000
0010001000010000
1000001000100000
0100001010000000
0100100000000001
0001001001000000
1100000000000100
0010100010000000
0001001000000100
0000100100001000
0100001000100000
1000001000001000
0100001000100000
0100001000100000
1000001000100000
0110000000000001
0010100000000001
0010000100000100
0001001001000000
1000100001000000
0110000000000001
0100010000100000
1000100000001000
0001100001000000
0010001000000100
0100100000001000
1010000000000010
0010000110000000
0100001000000001
0100100000000100
0010000100001000
0100000100100000
0100001000100000
1000000100010000
0010100000001000
0010000100010000
0010001000001000
0001010001000000
1000100000100000
0010000100001000
0110000000100000
1000000101000000
1000001000001000
0100001000001000
0101000000100000
0010000101000000
0100000100000010
0000101000000001
0011000000010000
0101000000000100
0100100000010000
1000100000100000
0010000100100000
0010001000001000
0010001000100000
0010000100000010
0000100110000000
1001000000100000
0100001001000000
0100100000001000
1000100000000001
0001001000001000
0001100000100000
1000001000000100
0010000100000010
0010001010000000
0001100000100000
0010100000010000
0001000101000000
