0010000100100100
1000100001000010
0100100010010000
0100001000101000
1000000100000101
0010100001000001
0001001000100010
0110000000001001
0001100010010000
0010000101000100
1000000100011000
0001100000100100
1000100000100100
1000100000010100
1000100000011000
1010000000011000
0000010101001000
0010000110000010
0100100000001010
0001000100100001
0001100011000000
0100001010000001
0000011000010001
1000100000010001
0100000100010010
0001010001000010
0000100101000001
0100000110000010
1000000101000010
0010001000001100
0101000000000011
0000110001010000
0101000000010100
0100100001100000
0001100001000010
1000001000000101
1000001000000101
0010001010000010
1000001001100000
0000101000001001
0100001000101000
0100100000010100
1000010000011000
0001001001000010
0100100010000010
1000100010001000
0000101000100001
1000000100110000
0100001010000100
0100100000011000
0100001000100010
0100000110000010
0100000101000010
0010000100010100
0001001010010000
0001001001000010
0100010001000001
1000001000100100
1000000100011000
0100100000000011
0100001010000001
0100010010000001
0010001000010001
0100001000101000
0110000000010010
0100100010001000
1000001000100001
1001000000100100
1000000101001000
0001100000000101
0100001001001000
0100000110100000
1000000110000010
0010000110001000
0000011001001000
0000101000011000
0001100000100010
0011000000101000
0100001000100100
0101000001000100
0100001010000010
0101000010000100
0010000100010100
1000000101000010
1001000001001000
0110000010000010
0100010001001000
0010010010001000
0101000000100001
0010100001000010
1100000001100000
0000100101000010
0100100010000010
0100100000101000
0001001001001000
0100010000011000
1000100001010000
0100100010000100
0101000000100010
0001100000100100
1000001001001000
1010000010010000
0100010010001000
0100000101000100
0010001010000100
0011000001000010
1000010001000010
1000000110000010
1000010001000100
0001000110000010
0101000001001000
0100010010000010
0010001010010000
0000001101001000
1000100001100000
0001001001000001
0000001110010000
1000001001000100
0000101010001000
1000001000101000
1000001001001000
1000100000100010
0010100000101000
1000100010000100
1000001000010001
1000100001000001
0100100010001000
0100100010001000
0110000000010010
0001001001000100
0100010010000010
0001001000010100
0101000000011000
0100000100110000
0001100000001010
0010001000010100
0011000010000001
1000001001000010
0010100001000010
0010001010001000
0001100010001000
0101000001000010
0100010010001000
0010100001000010
0001001000000110
1000001000101000
1000001000010100
0010100001000001
0110000001001000
1000100000100100
0010000101000010
1001000000100001
1000100010000010
0001100000101000
0010100000001010
1000100001010000
0010000100010010
0010010010010000
1000100010000001
1000001000001001
0010001000100001
0010010010010000
1000000101000100
1010000000110000
0010100000000011
1000001000001001
0100000110001000
0100100001000010
1000010001001000
0100010001000001
0001100001001000
1000100001001000
0110000010000010
1000010001001000
0100010010001000
0010001010001000
0010010010000010
0101000010000010
1000001010000100
0010001000011000
0010010000001001
1000001000100100
1000000101000010
0101000001000100
0110000010001000
0010001000010100
0001001000100100
0101000001000100
0010000110010000
0100000100010010
0000100110000010
1000001000001010
0100010010001000
0100000100011000
0100100001000001
0010100001001000
0010100000011000
1000100000000110
0100100001010000
1000100000010100
0100100000101000
1000001000000110
1000010000011000
1000010000101000
0001001000011000
1000001001000001
0100100010000100
1000001000010001
0010001010001000
0000011001000010
0010001001001000
