1010110001001100
1000111000101100
1001110000010011
0010101101010100
0101100101001100
0001101100011100
0101100101001100
0111100000111000
0110101011001000
0011100111001000
0100111010100100
1000111000011100
1100110000011100
1110001000110010
1011100001010100
1000111010001001
0010111000011100
1001110001001100
0110101001000101
1010011010100100
0011100101001010
1010110010010010
0111100010110000
0111010000011010
0001110110101000
1011010010001100
0110110001010100
0100011100001110
0110100110001100
0110101000011100
0111100001101000
0110110001100001
0111010010000011
1010110001110000
0100101111000001
0111100001001100
0111100001010001
1110000111000010
0111100000001011
0101110001001100
1011010011100000
0001101101011000
1001001101011000
1100010101001100
1101001000001101
1011001011000001
0101011011001000
0100111010001010
1001101000011100
1001100111100000
0111001001000011
0110001101011000
1001011011001000
0101100111100000
0100110111000001
0111100010100001
0110001111001000
0001110101101000
0101010100101001
1000101100110100
0011011000011010
0110110001000110
1011001010011000
0010011100110010
0111000101001010
0110110000101100
1010101011000100
1010110011010000
0111001010001010
0100110101001100
1001011010100010
0011100100011010
1001110001001100
1000011101001010
0110101011000001
1101100001000011
0110110001001100
0101101011000001
0100110100000111
0001110101000110
0110101001001100
0101100100101100
0000111101001100
1110100001010001
0111001000100110
0011011001100010
1100011000011100
1100100110110000
1010101010001100
0100111011000001
0001111011001000
0011100101101000
0100110110010010
1000111001001100
0111001001001100
1010100101000011
0101110000011100
0110110010000011
0101101000110001
0101110000110100
0111001010101000
1110000111001000
0111001000101100
0100111010100100
0111100000001101
1100010111001000
0111001000110010
1011100011010000
0101110011001000
1101000101000011
1000101101001001
0111000100100011
0101110001001001
1000111001010001
0100101101110000
1010101000011001
0111001010101000
0100110110001100
1000101110101000
0100111001001010
0100101111010000
0110110000001011
0011010110101000
1000111000110001
0011100100010011
0110101011010000
0011001100100110
0011010100100011
1000101100011010
0111001000101100
0110110011000001
0001101110001100
1011001001011000
1011000111000010
1110100000101001
0010111010101000
0111100001001001
1001010101101000
1101000110100010
0011100110101000
1011100010000101
0111100001000011
0001101111000010
0001011101001100
1001011010101000
1010110000100011
1001011010001100
0100110111000001
1011100000010101
1000101101011000
0101110001010100
1100110010101000
0100110110110000
0100110110001001
1110000110100010
0011100110010001
0010111000001101
1000111000011001
1000011111000100
0011101000110001
1010101010000101
1000101111000010
0101001111001000
1010101001010100
