0100110001010010
0010101011000001
0100011000001101
1100100000100101
0110001010110000
0101100001001100
0000111001001100
0010101010001100
1010001010100100
0010100110100100
0011010001010010
0111000010001100
0100100110000110
1011000010101000
0001100111100000
0111000011100000
1100001010100001
0011100010001001
0010001100010110
0100101010101000
0010101010000101
1000110001001100
0101001011000001
1010001001001100
0110100010101000
1001001010001100
0011010011001000
0010001101101000
1001010011001000
0110100000110010
0110100000001110
0010101001110000
0000110110001010
1000100110010010
0100110010100100
1000100101001001
1000110000111000
1000001100001110
0101001000010101
0010101011001000
0011001000010101
0100011001101000
0001011010011000
1011000011000001
0111000000110100
0010010101000011
0101010010001100
0000110111000010
1010001001001100
0011100010110000
0101010010110000
1000100111000010
1000110000101010
0010011000011001
1100100000101100
0011100010001100
0111000000101100
0100101011000001
0110001010001100
1100010001001100
0010110011000001
0101010011000001
0110010010010010
1100010000100101
0001010111001000
0110100001000011
0011010000101100
0011100001000011
0011001000101100
0000110101001010
1000110000111000
0010101000101100
0011001000110001
1101000000101100
1100001001011000
0011001000001110
0001100101100001
0101000100101100
1000101001001001
0101100000101010
1000011010001100
1000101000011001
0101010001100010
1110000010001010
0100100111000100
0011000101010100
1011000001000101
0100011010010100
1001010001010001
0110001011010000
1000110010000011
1100010010001010
0010110011000100
0010011000011001
1010100001010100
0101001010000101
1000101000110001
0100110011001000
0111000000100011
1000110000111000
0100010100001110
0011010010101000
0010001100011100
0011010000010101
0100011010000110
0111000010101000
0110100010010100
0101010000111000
0100010111000010
1000100100010110
0101001010100001
0100110011000010
0011010000101010
0110010010001100
0100110011001000
1000110000010110
1000100111010000
0100110010000011
0011010000001110
0100110010100001
1000010110001100
0011010010000011
1100100011000100
0010100101011000
1000001101010100
1001001000000111
1000010111000010
0011100010101000
0101010000100011
0010001110000101
1100010000110001
0100110001010010
1010100010101000
0100110010011000
1110000001010100
0100100100001110
1110000010001010
1000101001010100
0001110001000011
1010100010010100
1110000010100001
1100010010100010
1100001010001100
1000110000110100
0101010000010110
0010110000100011
1010001000111000
0000111000010101
1010000100010110
0011001000101001
0010101001000011
0100110000011100
1000110010010100
0110100010100001
0111000010000110
0000111011000001
0100010100011100
0011100011001000
0110010011000100
0001001110101000
1001000110010010
1001010000010101
0110100001000101
0000111000010101
1100010010001010
0110100011100000
1001001001001001
0010101000101001
1100001010000011
1000101001010100
0000110100110010
0100110000110100
0010110010100010
1000010110001010
0111000001110000
0010101010001100
1100100000110100
1000100110010010
1000110000100101
0011001001001100
0100010100101010
0000111000110001
1010010010010010
0000111000011100
1010001001001100
1000101001010001
0010101010000011
1011000010100010
0011001010001100
0101001000100101
1100100010001100
1011000000010101
1010100001010100
1100010000101010
0010101011000100
0011100000010101
1010100000001011
0110010000110010
1001010000110010
0011100001000110
1000011001101000
0011100010001001
0010001100011100
0001110011000001
0110001001010001
0000111000110100
1101000000101100
1100001001110000
1010001001001010
0100101011010000
1010000101001100
0001110010110000
0100110011010000
