01111001
01110110
11100101
11101100
11010110
11100011
11010110
11100101
11010110
01110110
11100110
11101001
01110101
11100101
11010110
11010110
01111001
11011010
01111001
01111001
11010110
11100101
11010110
11101001
01110101
01111001
11101001
11011010
01111010
11010110
01111001
11101001
11011010
01110011
01111010
10110110
11101100
01111001
01111010
11100101
11010110
01110101
01111001
11101010
01110110
11101001
11010110
10110110
10111100
01111001
11101001
11100101
11100101
01111100
11010011
01111001
01111010
11101001
11011010
11011100
11011001
01111001
11100101
11010110
01111010
10110101
10111100
10110110
01111100
10111100
11100110
01111001
11010110
01111010
01111010
10110110
11100101
10110110
11010110
11101001
01110011
11010011
11011010
10110110
10110110
11011001
11100101
01111100
11011010
11011010
11010110
01111100
10110110
11101001
11010110
11010110
10111001
10110011
11011010
01111010
01111001
11100101
11101001
11010110
01111001
01111001
01111001
11010011
11101001
11100011
11100101
01111001
10110110
01111001
10110110
11011010
01111001
01111001
01111001
10110110
11011010
10110101
01111010
10110110
10110110
11011010
11010110
11011100
11010110
01111100
11010110
01111001
01111010
11101001
01111001
01110110
11101001
11101001
11010110
11100101
10111010
11011100
10110011
10111100
11101100
11011100
10110110
11011100
10110011
01110110
11100101
10110110
11101001
11010110
11011010
11010110
11011010
10111010
10110110
11010101
01111001
11010110
11100110
01111001
11100101
11100101
11100101
01110011
10110110
10110101
10110101
11101001
11100101
01111010
11101010
11101010
10110101
11011010
10110101
11101001
11010101
11011010
11010011
11010110
10110011
10110101
11010011
11100101
01111010
10110101
11010110
11101001
10110110
01111010
01111010
11101001
10111010
11101001
10110110
01111010
10110110
10110110
01111100
11101010
11011010
11100101
11100110
11010110
11101001
01111001
11100101
11011010
11011010
11010110
11010110
11010110
01111010
11010110
01111001
10110011
01111010
11011010
11100011
01111001
11010101
01110101
11010110
01111001
01111010
10110110
10110101
01110110
01111001
01111010
11101100
10110110
01111010
11101001
11010011
01111001
01110110
11010110
01110011
01111001
01111001
10110101
10110011
10111100
10110101
01110101
01111010
11011100
11011010
11100101
11011100
10110101
10110110
11011001
10110011
01111100
10110101
01111010
10110101
11100101
11011010
01111010
10111100
01110110
11010101
01111001
11100101
01111001
01111001
10110101
11100101
11010110
11011010
01110011
11101100
11010011
11101001
11010110
01110110
11101001
01111001
11011001
11011010
01110101
11100101
01111100
11101010
10110110
01110110
11010110
11101010
11010110
10110110
11010110
11010110
01111001
11011010
11010110
01110101
11010110
11010110
11010110
01111010
11100101
11010110
10110110
11010011
01110110
11010110
11100101
01111010
11010110
10110101
11100011
10110101
01111001
10110110
11100101
01111001
01111010
01111001
11100011
11010110
01111010
11010110
11011100
10110110
10110101
11100101
10110110
11100011
11010101
10110101
11101001
10110101
11100011
11010110
11100101
11101001
10110101
01110110
11100011
11011010
11101001
11100011
10110101
01111010
01111001
11100101
10110101
11010110
11011010
11011001
01111010
11010110
01111001
11010110
11011010
01111100
11100101
11010110
01111100
11010110
10110101
11011001
01111001
11010110
10110110
11101001
11100101
11100110
11010110
11100011
01111010
11010011
10110101
11010110
01111001
01111100
01111100
11100101
10110110
11100101
10110101
11010110
11010110
01111010
11010110
11101001
10110110
01111010
11010110
11100101
11101001
10111100
01111010
01111010
01111010
10111010
10110011
10111100
10110110
10110101
10110110
11011010
11011001
11010110
11010110
11100101
11011010
11101001
10111100
10111001
10110110
10110101
10110110
01110101
11011001
01111100
10110110
11100101
11011010
11011010
11010110
11010110
10111001
11100101
01111001
11101010
01111001
11010110
01111010
11100110
10111010
11100101
01110110
01111100
01111001
11011100
01110110
11101001
01110101
11011100
10110110
