1001100101010001
1100101001100100
1010010101010010
0011100101000110
0101101010110000
1011000110110000
0110010110001001
1010011001001100
1010101001010001
0101101010100100
1010010101001010
1001011001100001
1001010100101010
1001001101001100
0110100110000110
0101011000101001
1001011001100001
1011100001001100
1000111000110010
1010011001010100
1110000101000110
1011100011000100
1001001100101001
1001100101100010
1011001000100101
0010110111000010
0101101010100010
0011011001001001
1010010101100010
0101011001001001
0110100111000010
1001100100110010
1010011001001001
1010010101010010
1000110101001001
0100101101010001
0100011100101001
1101010000101010
1100010101001010
1000101101010010
1110001000000111
1010010101001001
0110010100101010
0101100110000101
1010010101011000
0101011010100010
1010001101001100
1010010101010010
1010110001011000
0101011010100010
0101110010010100
1100011001001001
0011110001100010
1010100101100010
1100110001001010
0101101000100011
0110001110001100
1010010100101100
0010011101000101
1100110001010010
0111001001001100
1010011001001010
0101100100100110
1010100101010010
0110101011000001
0100110110000110
0010111001000110
1010010110010010
0110100110110000
1010011001001100
1110000110010010
1010101001011000
0110001100110010
0111100011000001
1010011000011100
0110100110010010
0111000101000110
0110100101010001
1001100101100010
0101100100100110
1010010101001010
1001011001000101
1100110001000101
0011011001001100
0101010101101000
0100111010110000
0011011000101001
0011011000011010
1100101010010001
0110100110010010
1001010100100011
0100110101011000
1010101010010010
1001110000110001
0101100101100100
0111000100011010
0010110101100001
0110010101010010
1010110001000101
0101100101000110
0011011001110000
1010110001010010
1001110001100010
0110101010010100
1010011001001001
0011100100100101
1001100100010110
1011000100010110
1001011001101000
0101100110001100
1010011000011100
0011110000101010
1100100100110010
0101101000110010
1011000101010100
0101011000110001
1010100110010010
1010011000101001
1010010101010010
1010100101011000
1000111001100001
1001100100111000
0011100101010010
1000111001011000
0100110110010100
1011001001001001
0011010100011010
0101001101001100
0011100110100100
1100001100100110
0011011000101001
0011010100101010
0010101101010100
1001101000100101
1001100101110000
0111001000100101
1011100001001001
0101011010100010
1111000000000111
0101100110001010
1001010101001010
0100110100101010
1000110111001000
0110100110010100
0010111001010001
0101011001100100
0001101100100011
0100110110001010
1010010101001010
1101001010101000
0101100100100110
1010101011010000
0010110101001001
1000101100110010
0011101001010001
0001110101100010
1010101001110000
1010010101010100
0010101110010010
0100101101010010
0011011000101001
1101000110100010
