1101111001011101
1011011111001011
1111100110011101
1011101111100101
1111011011100101
1101110111101001
1110101110110101
0111101111001101
1110101111010110
1110110101011011
1100111101110110
1011110110011110
1011101101101110
0111101111101100
1111100110110101
0111101111000111
0110111111100101
1111110010011011
0111101100111101
1011101101110110
1101111010101101
1110111011010011
1110101110110110
0111011110110011
1111101001010111
1101110110110110
1101101111100110
1110110101111010
1110011101011110
0111011111001011
1101011101111010
1111101010101101
1101101101111001
1111001101110110
1011011101101101
1100111101010111
0111101110010111
1011101101110101
1101111011101001
1011101101110110
0101111101101101
1011011111001101
1011011101111100
1101011111101010
1111010111010011
1110110101011110
1101110111110100
1101011101101101
1101101101101110
1101111010101110
1101101110110110
0111011111101001
1100111111010110
0101111111111000
0011111101110011
1101101101110110
1101101101110101
1111100101011101
1011110110101011
1111001101110011
0111101111100011
1011101101110101
1101110101110011
1101110101111010
1111100110101110
0101111101101110
1111100101110011
1110110101111100
1011101101111001
0101111110101110
1111110001111001
1110110111001110
1101111011101001
1011101111010011
1101111010110110
1101111010110011
1101111001101011
1110111001111001
1110110111010110
0111101111110001
1101110110110101
0101111101010111
1101101110110011
1110111011110100
1101110111100110
1001111101110101
1101110111101001
0111101101101110
1101110111010110
1011110111011001
0111110101101101
1111001101110011
1111100101101101
0111101110110011
1011111011110001
1010111101111001
1101101111100101
1110101110110101
1111001111001101
1101110111001110
1011111011100101
1101011101101101
1101110111100110
0111101110011101
1101110101101011
1010111111010011
1101101110011101
1101111000011111
1110101101011101
0111101101101101
1011101101110110
0111011111011100
1011011101101110
1101101101110110
1111010101101011
1100111101101110
1011101101111100
1111100101011101
1101110101110110
1110101101110101
1110111001110011
1110011111101001
1101110101110101
1110011111100110
1011101110010111
0111101100101111
