1111100010101010
0101011101011001
1010101101100011
1001110101011010
1011010101110100
1110011010110001
0101110110100110
1110110001100101
1110100101000111
1001110101010011
1010101101100101
1011001101100110
1101001110010110
1101101010100110
1111000101101100
0011111001011001
1011001110000111
1010111001010110
1110010111000011
1110010100101110
1011011001101001
1001110101011010
0110111010100110
0100111101101010
1010101101011010
1010011101011010
1001101101011010
1011011000011011
1011001101100110
0110110110100110
1011011000101110
0101011101011100
1001101111010100
1110001111000110
1011101001110010
1100101101100110
1101101001100110
1110101001010101
1010111001010110
1011100101101010
1010110101010011
1110011010110010
1001110101011010
1011001101010101
0110101111100010
0111101010010011
1101011001010101
1110110001100110
1010011101010110
1011100111000101
1011011000101101
0111011011001010
1010110101001110
1110010110011001
1011100101001011
0110011110000111
0001111101011001
1010011101011001
1011110001010110
1011011001001101
0110111010000111
1110001110010101
1010011101000111
1001101101100110
1011100101100110
0110110101100011
1100110111110000
1010110101100011
1111000111000110
0101101111000110
1001110101110010
1110100111000011
1110101010010110
1111100001111000
0111100101010110
1001111011100001
1100111000111001
0100111101100110
1100011111000011
1100110111000011
0011101101100110
1001011101010110
1101100101011100
0110110101011010
1101100101011001
1010111001010101
0110101101010011
0110101110010101
1010101101101100
1010110101110100
1110110000110011
1101010101101010
1011100101000111
0010111101011010
1011101000111010
0110101101011010
1100101111000011
1001110110100110
1001110101110010
1101101001101001
1100101101110010
1101010111000011
0110101110110010
1110100101101100
1110001101001110
1011101001111000
1101001101010011
0110101110100110
1001101110110001
0101101101100110
1001111001110100
1011001101100110
0110111010011001
1011101001111000
0110101111010100
0011101111100001
0110110100110110
